job        1211045.pbs60
date       2026-09-22T10:47:26+02:00
arch       cpu
nodes      4
ranks      768 (192 per node)
nsteps     10000
npart      120000000
gpu_aware  1
balance    part
input      /hpc/data/cfd-students/nnoventa/sparta/nicola/results/scaling/cpu_n4_balpart_s10000_1211045/in.deck
commit     b7bf6d0247ba3b5b6388134e15e88e14360bbec8
build      arch    cpu-zen4 commit  a93d3916c57c611b1ff0aea6dd1908d4951cbee7 date    2026-09-22T10:00:43+02:00 
exe        /hpc/data/cfd-students/nnoventa/sparta/install_cpu/bin/spa_kokkos_mpi_only
hosts      pn6372.cm.cluster pn6383.cm.cluster pn6391.cm.cluster pn6399.cm.cluster 

Step CPU T/CPU S/CPU Dt Np Natt Ncoll Nbound Nexit c_temp 
       0            0            0            0        3e-09 119999573        0        0        0        0    299.95269 
     100    1.3384429 2.241402e-07    74.713311        3e-09 117877059  1749501   931212        0        0    297.65854 
     200    2.6456958 2.294894e-07    76.496489        3e-09 115512599  1739034   895707        0        0    295.97353 
     300    3.8998438 2.3920592e-07     79.73528        3e-09 113123654  1703900   862049        0        0    294.59328 
     400    5.1262567 2.4461567e-07    81.538562        3e-09 110737716  1658734   830760        0        0    293.53334 
     500    6.5159755 2.1587105e-07    71.957011        3e-09 108372578  1609980   798854        0        0    292.74178 
     600    7.6969854 2.5401981e-07    84.673302        3e-09 106044443  1559944   767758        0        0    292.19923 
     700    8.8881077 2.5186374e-07    83.954592        3e-09 103759975  1511375   741053        0        0    291.82525 
     800     10.04312 2.5973747e-07    86.579144        3e-09 101537901  1466014   714454        0        0    291.49699 
     900    11.192227 2.6107168e-07    87.023889        3e-09 99391800  1423761   692592        0        0    291.31926 
    1000    12.327455 2.6426406e-07    88.088029        3e-09 97339183  1383280   670685        0        0    291.23349 
    1100    13.479612 2.6038137e-07    86.793799        3e-09 95391212  1347935   651107        0        0    291.21704 
    1200     14.60452 2.6668847e-07    88.896141        3e-09 93551966  1315388   633564        0        0    291.26139 
    1300    15.717406 2.6956936e-07    89.856472        3e-09 91828033  1285629   617159        0        0    291.39428 
    1400    16.858801 2.6283672e-07    87.612235        3e-09 90221024  1259007   604849        0        0     291.5829 
    1500    17.977756 2.6810702e-07    89.368995        3e-09 88728711  1234849   591195        0        0    291.82204 
    1600     19.08067 2.7200698e-07    90.668996        3e-09 87341498  1213265   579588        0        0    292.06259 
    1700    20.181545 2.7250997e-07    90.836662        3e-09 86050475  1192608   569427        0        0    292.33688 
    1800    21.284472 2.7200351e-07    90.667846        3e-09 84851823  1174839   559429        0        0    292.63798 
    1900    22.400605 2.6878561e-07    89.595199        3e-09 83736763  1157553   551658        0        0    292.91679 
    2000    23.519221 2.6818854e-07     89.39618        3e-09 82702207  1142017   543540        0        0    293.21316 
    2100    24.825648 2.2963399e-07    76.544665        3e-09 81734647  1127505   536174        0        0    293.44317 
    2200    26.104644 2.3455906e-07    78.186351        3e-09 80834225  1113890   527034        0        0    293.71814 
    2300    27.381038 2.3503701e-07    78.345674        3e-09 79993928  1101370   521342        0        0    293.97506 
    2400    28.479773 2.7304133e-07    91.013769        3e-09 79205764  1089884   515669        0        0    294.19546 
    2500    29.569657 2.7525885e-07    91.752953        3e-09 78467336  1078481   509415        0        0    294.45051 
    2600    30.654551  2.76524e-07     92.17466        3e-09 77776756  1067326   504337        0        0    294.65212 
    2700    31.742358 2.757848e-07     91.92828        3e-09 77130814  1057262   498879        0        0    294.88747 
    2800     32.82275 2.7767646e-07    92.558817        3e-09 76523277  1047839   494271        0        0    295.08858 
    2900    33.918575 2.7376688e-07    91.255617        3e-09 75951144  1038840   489198        0        0    295.28219 
    3000    35.003248 2.7658077e-07    92.193584        3e-09 75410620  1030186   484446        0        0    295.46998 
    3100    36.151799 2.6119889e-07    87.066308        3e-09 74901390  1021645   479783        0        0    295.62706 
    3200    37.482038 2.2552344e-07    75.174474        3e-09 74418976  1013272   476539        0        0     295.8264 
    3300    38.568536 2.7611613e-07    92.038711        3e-09 73962133  1005534   471879        0        0    295.95144 
    3400    39.668325 2.7277981e-07     90.92661        3e-09 73527803   998079   468355        0        0    296.10169 
    3500    40.742643 2.7924685e-07    93.082293        3e-09 73115576   990447   464634        0        0    296.21813 
    3600    41.822822 2.7773153e-07    92.577169        3e-09 72723802   983756   460689        0        0    296.39381 
    3700    42.890795 2.809059e-07    93.635286        3e-09 72347882   976753   456909        0        0    296.53859 
    3800    43.961139 2.8028369e-07    93.427909        3e-09 71990700   969660   453104        0        0    296.63932 
    3900    45.048472 2.7590435e-07    91.968106        3e-09 71646905   963292   449364        0        0    296.76026 
    4000    46.113509 2.8168073e-07    93.893565        3e-09 71312858   956429   447419        0        0    296.88981 
    4100    47.306044 2.5156487e-07    83.854971        3e-09 70988615   950237   442894        0        0    296.90947 
    4200    48.381629 2.7891816e-07    92.972726        3e-09 70678662   943889   441187        0        0    297.03286 
    4300    49.439502 2.8358806e-07    94.529346        3e-09 70379053   937694   437195        0        0    297.10803 
    4400    50.496315 2.8387228e-07    94.624094        3e-09 70088485   931880   433422        0        0    297.22239 
    4500    51.558394 2.824643e-07    94.154763        3e-09 69807277   925988   432175        0        0    297.36885 
    4600    52.631689 2.7951366e-07    93.171232        3e-09 69531966   919965   428744        0        0    297.46678 
    4700    53.892743 2.3789635e-07    79.298783        3e-09 69261372   914507   425071        0        0    297.50079 
    4800     54.94979 2.8380925e-07    94.603063        3e-09 69001275   908986   421823        0        0     297.5551 
    4900    61.058334 4.9111541e-08    16.370514        3e-09 68745267   902773   420069        0        0    297.65569 
    5000    62.119816 2.8262288e-07    94.207617        3e-09 68495546   897481   416680        0        0    297.73254 
    5100    63.265974 2.6174492e-07    87.248317        3e-09 68250285   891903   415413        0        0    297.81889 
    5200    64.323835 2.8359043e-07    94.530136        3e-09 68009938   886737   411759        0        0    297.87193 
    5300     65.36657 2.8770536e-07    95.901789        3e-09 67773404   881386   409359        0        0    297.92609 
    5400    66.603339 2.4256765e-07    80.855893        3e-09 67541952   876231   405693        0        0    297.99788 
    5500    67.649949 2.8663897e-07    95.546321        3e-09 67311014   870264   403275        0        0    298.01057 
    5600    68.685668 2.8965448e-07    96.551495        3e-09 67084428   865805   401591        0        0    298.03138 
    5700     69.73731 2.8526819e-07     95.08938        3e-09 66860397   860904   398063        0        0    298.03029 
    5800    70.768179 2.9101681e-07    97.005624        3e-09 66641433   855424   395935        0        0    298.06404 
    5900    71.795363 2.920604e-07    97.353453        3e-09 66427477   850236   393959        0        0    298.11322 
    6000    72.818734  2.93149e-07     97.71632        3e-09 66216418   845853   391888        0        0    298.19099 
    6100    73.918505 2.7278412e-07    90.928055        3e-09 66007442   840630   388947        0        0     298.2052 
    6200    74.937062 2.9453424e-07    98.178083        3e-09 65802537   835958   386831        0        0    298.23534 
    6300    75.961499 2.9284379e-07    97.614592        3e-09 65597846   831546   383802        0        0    298.28051 
    6400    77.140945 2.543567e-07    84.785565        3e-09 65394813   825899   381622        0        0    298.27335 
    6500    78.172463 2.9083295e-07    96.944305        3e-09 65195854   821349   378923        0        0    298.33582 
    6600     79.18832 2.9531769e-07    98.439258        3e-09 64998857   816626   376394        0        0    298.35897 
    6700    80.190347 2.9939306e-07    99.797677        3e-09 64803524   812831   374606        0        0     298.3713 
    6800    81.192709 2.9929322e-07     99.76441        3e-09 64611544   808210   373528        0        0    298.40085 
    6900    82.190465 3.0067448e-07    100.22483        3e-09 64425008   803392   370401        0        0     298.4234 
    7000    83.200214 2.9710351e-07    99.034498        3e-09 64237847   798940   368688        0        0    298.47704 
    7100    84.521022 2.2713348e-07    75.711154        3e-09 64050371   794268   365908        0        0    298.52968 
    7200    85.710234 2.5226806e-07    84.089362        3e-09 63865483   790212   363682        0        0    298.53343 
    7300    86.721544 2.9664465e-07    98.881547        3e-09 63682262   785746   362154        0        0    298.55363 
    7400    87.713894 3.0231332e-07     100.7711        3e-09 63501721   781287   359277        0        0    298.62198 
    7500    88.697591 3.0497138e-07    101.65714        3e-09 63321962   776552   357812        0        0    298.61548 
    7600     89.68527 3.0374241e-07    101.24747        3e-09 63144236   772707   355780        0        0    298.60006 
    7700    90.660702 3.075564e-07    102.51879        3e-09 62968200   768500   353962        0        0    298.64109 
    7800     91.63254 3.0869376e-07    102.89794        3e-09 62795574   763899   351474        0        0    298.65388 
    7900    92.599879 3.1012858e-07    103.37619        3e-09 62621914   759975   348846        0        0    298.66178 
    8000    93.569296 3.0946439e-07     103.1548        3e-09 62451779   755826   347471        0        0     298.6715 
    8100    94.531453 3.1179947e-07    103.93316        3e-09 62281259   751181   346251        0        0    298.66903 
    8200    95.488157 3.1357688e-07    104.52561        3e-09 62112023   747494   343420        0        0    298.69463 
    8300    96.628891 2.6298814e-07    87.662726        3e-09 61944068   742890   341864        0        0    298.70645 
    8400    97.602688 3.0807311e-07    102.69103        3e-09 61777018   738827   339153        0        0    298.74922 
    8500    98.551391 3.1622064e-07    105.40686        3e-09 61611352   735187   337408        0        0    298.74448 
    8600    99.524044 3.0843488e-07    102.81164        3e-09 61447482   731361   335956        0        0    298.76334 
    8700      100.473 3.1613764e-07    105.37921        3e-09 61285079   727376   334618        0        0    298.71385 
    8800    101.41444 3.1866061e-07    106.22021        3e-09 61123365   723372   332217        0        0    298.71357 
    8900    102.34978 3.2073877e-07    106.91292        3e-09 60963925   719002   329573        0        0    298.76124 
    9000    103.28113 3.2211411e-07    107.37137        3e-09 60807925   715301   327983        0        0    298.76416 
    9100    104.57516 2.3183324e-07    77.277746        3e-09 60649858   711718   325734        0        0    298.78286 
    9200    105.85229 2.3490206e-07    78.300684        3e-09 60494779   707958   324229        0        0    298.77306 
    9300    107.25512 2.1385329e-07    71.284433        3e-09 60337850   704080   323481        0        0    298.81441 
    9400    108.55198 2.3132755e-07    77.109179        3e-09 60185923   700239   320675        0        0    298.79375 
    9500    109.82027 2.3653896e-07    78.846317        3e-09 60032250   697085   319216        0        0    298.80425 
    9600    111.08506 2.3719375e-07    79.064587        3e-09 59879101   692975   317355        0        0    298.82253 
    9700    112.34762 2.3761309e-07    79.204364        3e-09 59728100   689051   315110        0        0    298.79325 
    9800    113.76435 2.1175486e-07    70.584955        3e-09 59575852   685711   314004        0        0    298.84189 
    9900    115.06419 2.3079701e-07    76.932326        3e-09 59427432   681331   311344        0        0    298.83428 
   10000    116.55606 2.0109029e-07    67.030106        3e-09 59280636   678214   310158        0        0    298.87273 
Loop time of 116.556 on 768 procs for 10000 steps with 59280636 particles
MPI task timing breakdown:
Section |  min time  |  avg time  |  max time  |%varavg| %total
---------------------------------------------------------------
Move    | 7.4587     | 23.936     | 67.01      | 257.8 | 20.54
Coll    | 1.0002     | 6.2853     | 14.776     | 190.0 |  5.39
Sort    | 1.5097     | 6.1078     | 13.441     | 158.9 |  5.24
Comm    | 4.3843     | 7.3272     | 8.7395     |  15.8 |  6.29
Modify  | 9.8082     | 25.287     | 35.515     | 171.1 | 21.70
Output  | 0.22459    | 0.4058     | 0.51848    |  15.4 |  0.35
MPI Sync| 3.6625     | 47.205     | 64.129     | 186.0 | 40.50
Other   |            | 0.001652   |            |       |  0.00

Particle moves    = 736852169527 (737B)
Particles: 77188.3 ave 140500 max 24076 min
Cells:      1125 ave 3355 max 389 min
