job        1217403.pbs60
date       2026-09-24T13:50:16+02:00
study      saturation
scale      16 (work per node x 16)
arch       gpu
nodes      1
ranks      4 (4 per node)
fnum       1.146188e+07 (= 1.8339e+08 / 16)
npart      411200000 (411200000 per node)
warmup     2000 steps (not measured)
nsteps     1000 (measured)
gpu_aware  1
balance    deck (rcb cell)
input      /hpc/data/cfd-students/nnoventa/sparta/nicola/input/in.sparta.gpu (patched copy: /hpc/data/cfd-students/nnoventa/sparta/nicola/results/saturation/gpu_pr623_n1_x16_1217403/in.deck)
commit     e1a105adf569e9da2a939a7178aa49fbff5fb93b
build      arch    v100_pr623 reduce  0 branch  try-pr623 commit  15368f052514be7014cdf1d1e08a20dc87c772ce date    2026-09-24T11:39:59+02:00 
exe        /hpc/data/cfd-students/nnoventa/sparta/install_v100_pr623/bin/spa_kokkos_cuda
hosts      an5015.cm.cluster 

Created 411198543 particles
Step CPU T/CPU S/CPU Dt Np Natt Ncoll Nbound Nexit c_temp 
       0            0            0            0        3e-09 411198543        0        0        0        0     299.9989 
     100    16.398682 1.829415e-08    6.0980496        3e-09 411928433  1323787   715644        0        0    299.30147 
     200    33.703635 1.7336077e-08    5.7786925        3e-09 413037826  1377059   721484        0        0    299.08557 
     300    51.338754 1.701151e-08    5.6705034        3e-09 414026070  1409591   724557        0        0     298.8772 
     400    69.399273 1.6610818e-08    5.5369392        3e-09 414835392  1433951   726459        0        0    298.62856 
     500    88.005708 1.6123455e-08     5.374485        3e-09 415478290  1453972   730187        0        0    298.42395 
     600    107.09404 1.5716404e-08    5.2388013        3e-09 415932221  1471888   733354        0        0    298.25041 
     700    126.60335 1.5377274e-08    5.1257579        3e-09 416140274  1487228   736168        0        0    298.01582 
     800    146.45113 1.5115046e-08    5.0383487        3e-09 416045872  1499375   739016        0        0    297.72938 
     900    166.57552 1.4907285e-08     4.969095        3e-09 415640990  1507235   738951        0        0    297.38722 
    1000    186.93827 1.4732779e-08    4.9109262        3e-09 414980789  1512408   738640        0        0    297.03184 
    1100    207.52336 1.4573657e-08    4.8578855        3e-09 414131428  1515145   738102        0        0    296.71739 
    1200    228.27612 1.4455906e-08    4.8186352        3e-09 413152716  1515317   735819        0        0    296.45952 
    1300    249.18543 1.4347677e-08    4.7825589        3e-09 412122345  1513999   732985        0        0    296.27309 
    1400    270.22722 1.4257344e-08     4.752448        3e-09 411085378  1511815   729475        0        0    296.15881 
    1500    291.40357 1.4166748e-08    4.7222494        3e-09 410092363  1509882   726616        0        0    296.09839 
    1600    312.71514 1.4076861e-08     4.692287        3e-09 409173357  1507729   723776        0        0    296.12446 
    1700     334.1182 1.4016689e-08    4.6722296        3e-09 408333688  1505660   722886        0        0    296.17133 
    1800    355.61887 1.3953054e-08    4.6510178        3e-09 407599635  1504093   720625        0        0    296.28704 
    1900    377.22842 1.3882749e-08     4.627583        3e-09 406967025  1502604   718569        0        0    296.44349 
    2000    398.91212 1.3835278e-08    4.6117592        3e-09 406435728  1502153   717897        0        0    296.57463 
Loop time of 401.171 on 4 procs for 2000 steps with 406435728 particles
Step CPU T/CPU S/CPU Dt Np Natt Ncoll Nbound Nexit c_temp 
    2000            0            0            0        3e-09 406435728  1502153   717897        0        0    296.57463 
    2100    21.761528 1.3785796e-08    4.5952649        3e-09 405992916  1328571   714949        0        0    296.77628 
    2200    43.545482 1.3771604e-08    4.5905347        3e-09 405625302  1370313   714674        0        0    296.97417 
    2300    65.420798 1.3714088e-08    4.5713627        3e-09 405330777  1392854   713922        0        0    297.16353 
    2400     87.37659 1.366382e-08    4.5546066        3e-09 405101216  1408760   715217        0        0    297.35242 
    2500    109.42536 1.3606203e-08    4.5354011        3e-09 404922200  1420633   714048        0        0    297.52825 
    2600    131.54656 1.3561649e-08    4.5205498        3e-09 404778466  1429970   714280        0        0    297.69115 
    2700    153.76806 1.3500437e-08    4.5001455        3e-09 404664570  1438094   715663        0        0    297.84159 
    2800    176.02642 1.3478085e-08    4.4926949        3e-09 404552781  1445022   713422        0        0    297.97623 
    2900    198.37007 1.3426632e-08    4.4755441        3e-09 404455147  1451353   713886        0        0    298.11391 
    3000    220.73568 1.341345e-08    4.4711501        3e-09 404374132  1456763   714890        0        0    298.23692 
Loop time of 222.993 on 4 procs for 1000 steps with 404374132 particles
MPI task timing breakdown:
Section |  min time  |  avg time  |  max time  |%varavg| %total
---------------------------------------------------------------
Move    | 265.24     | 276.8      | 288.49     |  54.8 | 69.00
Coll    | 42.686     | 43.088     | 43.974     |   8.0 | 10.74
Sort    | 52.646     | 54.419     | 56.803     |  21.7 | 13.57
Comm    | 2.0481     | 2.2068     | 2.2818     |   6.4 |  0.55
Modify  | 7.01       | 10.249     | 12.4       |  63.6 |  2.55
Output  | 0.27797    | 0.31393    | 0.33675    |   4.0 |  0.08
MPI Sync| 0.068626   | 11.981     | 23.665     | 264.5 |  2.99
Other   |            | 2.11       |            |       |  0.53

MPI task timing breakdown:
Section |  min time  |  avg time  |  max time  |%varavg| %total
---------------------------------------------------------------
Move    | 143.81     | 150.46     | 156.75     |  42.2 | 67.47
Coll    | 19.817     | 20.148     | 20.615     |   7.0 |  9.04
Sort    | 36.998     | 37.544     | 38.785     |  11.8 | 16.84
Comm    | 1.0121     | 1.0791     | 1.1125     |   3.9 |  0.48
Modify  | 3.3021     | 4.9966     | 5.7444     |  44.1 |  2.24
Output  | 0.13655    | 0.15412    | 0.16089    |   2.6 |  0.07
MPI Sync| 0.029105   | 6.5022     | 13.284     | 204.3 |  2.92
Other   |            | 2.11       |            |       |  0.95

Particle moves    = 824957541725 (825B)
Particles: 1.01609e+08 ave 1.01633e+08 max 1.01591e+08 min
Cells:      216000 ave 216000 max 216000 min
Particle moves    = 405078529476 (405B)
Particles: 1.01094e+08 ave 1.01106e+08 max 1.01087e+08 min
Cells:      216000 ave 216000 max 216000 min
