job        1211043.pbs60
date       2026-09-22T10:47:26+02:00
arch       cpu
nodes      4
ranks      768 (192 per node)
nsteps     10000
npart      120000000
gpu_aware  1
balance    deck (rcb cell)
input      /hpc/data/cfd-students/nnoventa/sparta/nicola/input/in.sparta.gpu
commit     b7bf6d0247ba3b5b6388134e15e88e14360bbec8
build      arch    cpu-zen4 commit  a93d3916c57c611b1ff0aea6dd1908d4951cbee7 date    2026-09-22T10:00:43+02:00 
exe        /hpc/data/cfd-students/nnoventa/sparta/install_cpu/bin/spa_kokkos_mpi_only
hosts      pn6334.cm.cluster pn6346.cm.cluster pn6352.cm.cluster pn6377.cm.cluster 

Step CPU T/CPU S/CPU Dt Np Natt Ncoll Nbound Nexit c_temp 
       0            0            0            0        3e-09 119999556        0        0        0        0    299.94861 
     100    3.0059432 9.9802222e-08    33.267395        3e-09 117878165  1748369   929172        0        0     297.7195 
     200    10.173606 4.1854635e-08    13.951545        3e-09 115513343  1739225   895358        0        0    296.06052 
     300    12.695129 1.1897577e-07    39.658591        3e-09 113123444  1703185   863446        0        0    294.70872 
     400    15.129767 1.2322157e-07    41.073854        3e-09 110735729  1658336   830401        0        0    293.62006 
     500    17.452058 1.2918278e-07    43.060926        3e-09 108370915  1609521   799094        0        0    292.80125 
     600    19.645523 1.3676996e-07    45.589989        3e-09 106035421  1559827   768222        0        0    292.21997 
     700    21.862516 1.3531838e-07    45.106124        3e-09 103749412  1511374   739702        0        0    291.84224 
     800    23.802826 1.5461458e-07    51.538195        3e-09 101523590  1465342   714492        0        0    291.51127 
     900    25.616289 1.6542934e-07    55.143113        3e-09 99374832  1422293   689634        0        0    291.32528 
    1000    27.429743 1.6543014e-07    55.143375        3e-09 97320644  1382648   669053        0        0    291.25324 
    1100    29.011752 1.896323e-07     63.21078        3e-09 95369402  1347008   649733        0        0    291.24836 
    1200    30.995122 1.5125768e-07    50.419224        3e-09 93527669  1314571   634674        0        0     291.3599 
    1300    32.460094 2.0478216e-07    68.260716        3e-09 91804296  1285105   617100        0        0    291.48049 
    1400    33.903912 2.0778239e-07    69.260788        3e-09 90196799  1258368   602947        0        0    291.67773 
    1500    35.346061 2.0802286e-07    69.340963        3e-09 88700331  1234317   591264        0        0    291.88166 
    1600    36.737485 2.1560649e-07    71.868828        3e-09 87309521  1212375   580179        0        0    292.11863 
    1700    38.131921 2.1514059e-07    71.713535        3e-09 86020678  1192272   570402        0        0    292.36754 
    1800     39.49585 2.1995292e-07    73.317632        3e-09 84823987  1173859   558983        0        0    292.67923 
    1900    40.817661 2.2696117e-07    75.653716        3e-09 83708660  1156816   550459        0        0    292.98816 
    2000    42.123921 2.296634e-07    76.554478        3e-09 82673567  1141946   543168        0        0    293.24492 
    2100    43.422053 2.3110114e-07    77.033715        3e-09 81708278  1126868   534540        0        0    293.53875 
    2200    44.734468 2.2858634e-07    76.195453        3e-09 80808411  1113524   528426        0        0    293.79212 
    2300    46.025579  2.32358e-07     77.45266        3e-09 79967127  1100870   521941        0        0    294.03196 
    2400    47.355654 2.2555123e-07    75.183752        3e-09 79179490  1089022   515239        0        0    294.31145 
    2500    48.633886 2.3469941e-07    78.233126        3e-09 78442071  1077930   509445        0        0     294.5226 
    2600    49.901627 2.3664099e-07    78.880337        3e-09 77751598  1067301   503388        0        0    294.77148 
    2700    51.321369 2.113062e-07    70.435401        3e-09 77103614  1057080   500053        0        0    294.95366 
    2800     52.58559 2.3730034e-07      79.1001        3e-09 76496723  1048097   494304        0        0    295.10366 
    2900    53.844659 2.3827114e-07    79.423722        3e-09 75925263  1038526   489495        0        0    295.32554 
    3000    55.102636 2.3847838e-07    79.492796        3e-09 75386662  1029315   483964        0        0    295.48197 
    3100    56.377855 2.3525369e-07    78.417894        3e-09 74878874  1021156   479996        0        0     295.6701 
    3200    57.638252 2.3802019e-07    79.340055        3e-09 74400301  1013131   476974        0        0    295.81399 
    3300    58.887703 2.4010543e-07    80.035154        3e-09 73945947  1005433   470750        0        0    295.98225 
    3400    60.316536 2.0996151e-07    69.987169        3e-09 73514228   997200   468754        0        0    296.10006 
    3500    61.753379 2.0879097e-07    69.596986        3e-09 73104052   990005   463186        0        0    296.27316 
    3600    62.993329 2.4194557e-07     80.64853        3e-09 72712827   983215   460142        0        0    296.39874 
    3700    64.238515 2.4092779e-07    80.309266        3e-09 72336584   975696   457396        0        0    296.52108 
    3800    65.518144  2.34443e-07    78.147649        3e-09 71977725   969831   454589        0        0    296.64257 
    3900     66.76852 2.3992768e-07     79.97591        3e-09 71632049   962644   449686        0        0    296.78596 
    4000    68.175176 2.1327172e-07    71.090582        3e-09 71298161   956245   446591        0        0    296.88309 
    4100     69.42218 2.4057659e-07    80.192194        3e-09 70979282   949584   442604        0        0    296.96282 
    4200    70.651776 2.4398259e-07    81.327519        3e-09 70665661   943281   439442        0        0    297.07788 
    4300     71.87866 2.4452201e-07    81.507343        3e-09 70364984   937327   437077        0        0     297.1642 
    4400    73.101961 2.452379e-07    81.745968        3e-09 70071809   931296   434204        0        0    297.25365 
    4500    74.324515 2.453881e-07    81.796022        3e-09 69791294   925259   431088        0        0    297.35344 
    4600    75.551808 2.4444041e-07    81.480138        3e-09 69519233   919401   427038        0        0     297.4609 
    4700    76.814684  2.37553e-07    79.184326        3e-09 69248969   913773   425809        0        0    297.59662 
    4800    78.041317 2.4457173e-07    81.523917        3e-09 68987064   908153   421992        0        0    297.59292 
    4900    79.253842 2.4741793e-07    82.472645        3e-09 68730044   902338   419745        0        0    297.66093 
    5000    80.462985 2.4810945e-07    82.703157        3e-09 68479667   896699   416889        0        0    297.72883 
    5100    81.948458 2.0195594e-07    67.318642        3e-09 68235060   891571   414379        0        0    297.79286 
    5200    83.152782 2.4910245e-07    83.034144        3e-09 67994292   886169   411451        0        0    297.81641 
    5300     84.36148 2.4820094e-07    82.733659        3e-09 67756061   881135   410020        0        0    297.94362 
    5400    85.562647 2.4975696e-07     83.25231        3e-09 67525887   876079   405897        0        0    297.99177 
    5500    86.761863 2.5016366e-07    83.387895        3e-09 67295547   870736   404342        0        0    298.00147 
    5600    87.958016  2.50804e-07    83.601317        3e-09 67070428   865481   400842        0        0    298.04506 
    5700    89.171259 2.4727102e-07    82.423672        3e-09 66849905   860404   398073        0        0    298.09568 
    5800    90.572556 2.1408725e-07    71.362417        3e-09 66630369   855334   395475        0        0    298.13196 
    5900    92.019796 2.072912e-07    69.097067        3e-09 66414175   850133   393515        0        0    298.20959 
    6000    93.204174 2.5329739e-07     84.43247        3e-09 66200628   844959   390499        0        0    298.23287 
    6100     94.38783 2.5345222e-07    84.484072        3e-09 65993228   840719   389086        0        0    298.25561 
    6200    95.590024 2.4954376e-07    83.181258        3e-09 65786428   835772   386166        0        0    298.31754 
    6300    96.767518 2.5477828e-07    84.926086        3e-09 65580459   830912   384131        0        0    298.35835 
    6400    97.971077 2.4926084e-07    83.086963        3e-09 65378027   826122   381465        0        0    298.38083 
    6500    99.142748 2.5604464e-07    85.348197        3e-09 65177277   821455   379147        0        0    298.39181 
    6600    100.33737 2.5112507e-07    83.708354        3e-09 64980611   816855   377706        0        0    298.39293 
    6700    101.50306 2.5735821e-07    85.786084        3e-09 64785255   812160   375129        0        0    298.38693 
    6800    102.67106 2.5684988e-07    85.616623        3e-09 64592508   807502   372380        0        0    298.48918 
    6900    103.83149 2.5852422e-07     86.17474        3e-09 64402174   802777   370173        0        0    298.52398 
    7000    104.98875 2.5923275e-07    86.410907        3e-09 64211161   798311   367099        0        0    298.55033 
    7100     106.1457 2.5930339e-07    86.434457        3e-09 64023208   793728   365849        0        0    298.57311 
    7200    107.31757 2.5600084e-07    85.333603        3e-09 63835736   789419   363400        0        0     298.5759 
    7300    108.47762 2.5860914e-07    86.203074        3e-09 63649946   784850   361749        0        0    298.56509 
    7400    109.63425  2.59374e-07    86.457999        3e-09 63471545   781102   359851        0        0    298.63079 
    7500    110.77849 2.6218321e-07    87.394399        3e-09 63292983   776360   357918        0        0    298.66534 
    7600    112.08583 2.2947362e-07    76.491198        3e-09 63111747   771849   356051        0        0    298.63748 
    7700     113.2213 2.6420719e-07    88.069082        3e-09 62936202   768227   353281        0        0    298.70533 
    7800    114.36186 2.6302935e-07    87.676425        3e-09 62763635   763302   351155        0        0    298.68436 
    7900    115.49328 2.6515386e-07    88.384634        3e-09 62591691   759071   348472        0        0    298.70026 
    8000    116.61893 2.6651143e-07    88.837137        3e-09 62421863   755430   347775        0        0    298.72824 
    8100    117.75203 2.6476209e-07    88.254029        3e-09 62252584   751109   345542        0        0    298.70225 
    8200    118.87172 2.679314e-07     89.31046        3e-09 62083090   746620   342992        0        0    298.70258 
    8300    120.26111 2.1592089e-07    71.973626        3e-09 61919127   742842   341354        0        0    298.73252 
    8400    121.57287 2.2870189e-07    76.233971        3e-09 61751890   738620   339788        0        0    298.78727 
    8500    122.68035 2.7088396e-07    90.294656        3e-09 61588755   735327   338071        0        0    298.80409 
    8600    123.78424 2.7176633e-07    90.588774        3e-09 61425600   730308   335258        0        0    298.83259 
    8700    124.90545 2.6756836e-07    89.189444        3e-09 61262870   726718   333248        0        0    298.81302 
    8800    125.99983 2.7412772e-07    91.375924        3e-09 61100898   722821   332655        0        0     298.8057 
    8900    127.09199 2.7468568e-07    91.561882        3e-09 60941306   718562   329309        0        0     298.8129 
    9000    128.26448 2.5586591e-07    85.288647        3e-09 60783787   714911   328001        0        0    298.80516 
    9100    129.78371 1.9746814e-07    65.822718        3e-09 60625231   711088   327051        0        0    298.80735 
    9200    131.28214 2.0020996e-07    66.736652        3e-09 60472200   707091   324532        0        0    298.86823 
    9300    132.77768 2.0059619e-07    66.865396        3e-09 60318276   703360   322534        0        0    298.81483 
    9400    134.26508 2.0169363e-07    67.231218        3e-09 60164031   700042   321432        0        0    298.83064 
    9500     135.7486 2.0222137e-07    67.407115        3e-09 60014235   696357   318873        0        0    298.82189 
    9600    137.24632 2.0030453e-07    66.768177        3e-09 59863621   692314   316908        0        0    298.83527 
    9700    138.72654 2.0267306e-07    67.557677        3e-09 59711974   688752   315550        0        0     298.8173 
    9800    140.28968 1.9192186e-07    63.973961        3e-09 59563402   685064   313777        0        0    298.86697 
    9900    141.94872 1.8082689e-07    60.275628        3e-09 59417764   681426   312571        0        0     298.9235 
   10000    143.45085 1.9971721e-07    66.572406        3e-09 59268948   677685   310455        0        0    298.95136 
Loop time of 143.451 on 768 procs for 10000 steps with 59268948 particles
MPI task timing breakdown:
Section |  min time  |  avg time  |  max time  |%varavg| %total
---------------------------------------------------------------
Move    | 0.10401    | 22.469     | 84.473     | 370.7 | 15.66
Coll    | 0.081391   | 4.8577     | 15.199     | 177.2 |  3.39
Sort    | 0.0065156  | 4.1135     | 9.8195     | 140.3 |  2.87
Comm    | 5.6156     | 7.0139     | 9.0019     |  22.5 |  4.89
Modify  | 18.764     | 34.227     | 43.013     | 111.0 | 23.86
Output  | 0.17043    | 0.35368    | 0.45783    |  13.2 |  0.25
MPI Sync| 8.7671     | 70.414     | 94.201     | 210.5 | 49.09
Other   |            | 0.00154    |            |       |  0.00

Particle moves    = 736659169427 (737B)
Particles: 77173.1 ave 195027 max 0 min
Cells:      1125 ave 1125 max 1125 min
