job        1215355.pbs60
date       2026-09-24T05:04:10+02:00
study      weak scaling
arch       gpu
nodes      4
ranks      16 (4 per node)
fnum       4.584750e+07 (= 1.8339e+08 / 4)
npart      102800000 (25700000 per node)
warmup     2000 steps (not measured)
nsteps     1000 (measured)
gpu_aware  1
balance    deck (rcb cell)
input      /hpc/data/cfd-students/nnoventa/sparta/nicola/input/in.sparta.gpu (patched copy: /hpc/data/cfd-students/nnoventa/sparta/nicola/results/weak/gpu_n4_1215355/in.deck)
commit     469dd877f73872de7a638e2829cfd9beefbd7b2f
build      arch    v100 commit  b7c3d8561f2539035449274b4d194c0b224d869a date    2026-09-22T10:16:03+02:00 
exe        /hpc/data/cfd-students/nnoventa/sparta/install_v100/bin/spa_kokkos_cuda
hosts      an5011.cm.cluster an5018.cm.cluster an5021.cm.cluster an5022.cm.cluster 

Created 102799595 particles
Step CPU T/CPU S/CPU Dt Np Natt Ncoll Nbound Nexit c_temp 
       0            0            0            0        3e-09 102799595        0        0        0        0    300.03013 
     100    2.2569521 1.3292245e-07    44.307458        3e-09 102997195   303950   177641        0        0    299.47225 
     200    4.3855021 1.4094106e-07    46.980356        3e-09 103287014   319871   179375        0        0    299.43095 
     300    6.5065466 1.4143973e-07    47.146574        3e-09 103554371   329001   180363        0        0    299.41876 
     400    8.5851918 1.4432483e-07    48.108285        3e-09 103783844   336368   181016        0        0    299.27352 
     500    10.666634 1.4413078e-07    48.043593        3e-09 103969320   341841   182502        0        0    299.09943 
     600    12.751945 1.4386348e-07    47.954491        3e-09 104102132   347274   183318        0        0    298.86224 
     700    15.005903 1.3309906e-07     44.36635        3e-09 104170038   351520   185221        0        0     298.5581 
     800    17.110609 1.4253781e-07    47.512603        3e-09 104154035   355174   184998        0        0    298.19425 
     900    19.216261 1.4247374e-07     47.49125        3e-09 104056344   357141   185280        0        0    297.77773 
    1000    21.467665 1.3325015e-07    44.416717        3e-09 103890040   358888   185098        0        0    297.34341 
    1100    23.584739 1.4170506e-07    47.235018        3e-09 103676225   359796   185299        0        0     296.9945 
    1200    25.704483 1.4152654e-07    47.175515        3e-09 103425610   360098   183802        0        0    296.67218 
    1300      27.8254 1.4144817e-07    47.149391        3e-09 103153560   359740   183247        0        0    296.45187 
    1400    29.927002 1.4274827e-07    47.582755        3e-09 102884193   359235   182522        0        0     296.2757 
    1500    32.013898 1.4375417e-07    47.918057        3e-09 102626625   358864   181543        0        0    296.21155 
    1600    34.194241 1.3759308e-07    45.864362        3e-09 102387947   358740   181742        0        0    296.21188 
    1700    36.341825 1.3969184e-07    46.563941        3e-09 102175889   358632   180282        0        0    296.25751 
    1800      38.4312 1.4358357e-07    47.861188        3e-09 101985255   358186   180262        0        0    296.34859 
    1900     40.49943 1.4505151e-07    48.350512        3e-09 101820780   357682   179984        0        0    296.49253 
    2000    42.571964 1.4475045e-07    48.250146        3e-09 101680268   357901   179702        0        0    296.64689 
Loop time of 42.572 on 16 procs for 2000 steps with 101680268 particles
Step CPU T/CPU S/CPU Dt Np Natt Ncoll Nbound Nexit c_temp 
    2000            0            0            0        3e-09 101680268   357901   179702        0        0    296.64689 
    2100    2.1081585 1.4230417e-07    47.434698        3e-09 101573552   307627   178514        0        0     296.9055 
    2200    4.1848088 1.4446341e-07    48.154469        3e-09 101484023   320842   178900        0        0    297.07836 
    2300    6.2641402 1.4427712e-07    48.092378        3e-09 101408317   328002   179436        0        0    297.26312 
    2400    8.4671844 1.361752e-07    45.391732        3e-09 101353453   332232   178586        0        0    297.46384 
    2500    10.557739 1.4350259e-07    47.834202        3e-09 101312781   335212   178989        0        0    297.64296 
    2600    12.646164 1.436489e-07    47.882961        3e-09 101270602   338430   179502        0        0    297.80627 
    2700    14.741369 1.4318411e-07    47.728039        3e-09 101240333   340406   178893        0        0    297.95981 
    2800    16.846119 1.4253472e-07    47.511575        3e-09 101214531   342726   179016        0        0     298.1061 
    2900    18.939611 1.4330125e-07     47.76708        3e-09 101189030   344537   179018        0        0    298.20323 
    3000    21.140654  1.36299e-07       45.433        3e-09 101159529   346010   178923        0        0    298.29178 
Loop time of 21.1407 on 16 procs for 1000 steps with 101159529 particles
MPI task timing breakdown:
Section |  min time  |  avg time  |  max time  |%varavg| %total
---------------------------------------------------------------
Move    | 24.464     | 26.025     | 27.258     |  19.2 | 61.13
Coll    | 2.2388     | 2.5349     | 2.8527     |  12.1 |  5.95
Sort    | 3.7251     | 4.0323     | 4.4416     |  13.5 |  9.47
Comm    | 1.5814     | 1.9199     | 2.0527     |   9.1 |  4.51
Modify  | 2.9623     | 3.1737     | 3.3811     |   6.7 |  7.45
Output  | 3.0339     | 3.0362     | 3.0379     |   0.1 |  7.13
MPI Sync| 0.36164    | 1.8493     | 3.6508     |  84.1 |  4.34
Other   |            | 0.0003118  |            |       |  0.00

MPI task timing breakdown:
Section |  min time  |  avg time  |  max time  |%varavg| %total
---------------------------------------------------------------
Move    | 12.357     | 12.918     | 13.297     |   8.5 | 61.11
Coll    | 1.0695     | 1.3416     | 1.5591     |  13.5 |  6.35
Sort    | 2.2941     | 2.3705     | 2.4973     |   3.5 | 11.21
Comm    | 0.73447    | 0.91838    | 0.98036    |   7.1 |  4.34
Modify  | 1.3717     | 1.696      | 2.0732     |  18.0 |  8.02
Output  | 1.4451     | 1.4474     | 1.4498     |   0.1 |  6.85
MPI Sync| 0.11531    | 0.44862    | 0.94133    |  39.3 |  2.12
Other   |            | 0.0001481  |            |       |  0.00

Particle moves    = 206436100834 (206B)
Particles: 6.35502e+06 ave 6.40286e+06 max 6.30608e+06 min
Cells:      54000 ave 54000 max 54000 min
Particle moves    = 101345598662 (101B)
Particles: 6.32247e+06 ave 6.47908e+06 max 6.16414e+06 min
Cells:      54000 ave 54000 max 54000 min
