job        1215350.pbs60
date       2026-09-23T13:05:23+02:00
study      weak scaling
arch       cpu
nodes      2
ranks      384 (192 per node)
fnum       9.169500e+07 (= 1.8339e+08 / 2)
npart      51400000 (25700000 per node)
warmup     2000 steps (not measured)
nsteps     1000 (measured)
gpu_aware  1
balance    deck (rcb cell)
input      /hpc/data/cfd-students/nnoventa/sparta/nicola/input/in.sparta.gpu (patched copy: /hpc/data/cfd-students/nnoventa/sparta/nicola/results/weak/cpu_n2_1215350/in.deck)
commit     7c354932ba660ce164eb995e557b86a596dabb15
build      arch    cpu-zen4 commit  a93d3916c57c611b1ff0aea6dd1908d4951cbee7 date    2026-09-22T10:00:43+02:00 
exe        /hpc/data/cfd-students/nnoventa/sparta/install_cpu/bin/spa_kokkos_mpi_only
hosts      pn6377.cm.cluster pn6383.cm.cluster 

Created 51399774 particles
Step CPU T/CPU S/CPU Dt Np Natt Ncoll Nbound Nexit c_temp 
       0            0            0            0        3e-09 51399774        0        0        0        0    299.96318 
     100    2.1438121 1.3993729e-07    46.645733        3e-09 51497556   143928    87869        0        0    299.55555 
     200    4.1469897 1.4976229e-07    49.920769        3e-09 51642512   152909    89246        0        0    299.57066 
     300    6.1565401 1.4928712e-07    49.762368        3e-09 51779106   158608    90501        0        0    299.56608 
     400    8.1696685 1.4902158e-07    49.673863        3e-09 51891081   162061    90978        0        0    299.39536 
     500    10.198185 1.4789135e-07    49.297119        3e-09 51981510   164772    91129        0        0    299.15305 
     600    12.301686 1.4261936e-07    47.539788        3e-09 52047669   167421    91470        0        0    298.91053 
     700    14.459682 1.390179e-07    46.339294        3e-09 52080434   170010    92396        0        0    298.61805 
     800    16.582177 1.4134304e-07    47.114352        3e-09 52068759   172037    92535        0        0    298.24904 
     900    18.759386 1.3779125e-07    45.930417        3e-09 52021146   173164    93000        0        0    297.83658 
    1000    20.947397 1.3711069e-07    45.703564        3e-09 51940532   173976    92120        0        0    297.41524 
    1100    23.125041 1.3776357e-07    45.921189        3e-09 51837633   174715    92959        0        0    297.06069 
    1200    25.299788 1.3794708e-07    45.982358        3e-09 51714117   174539    92240        0        0    296.78856 
    1300    27.474808 1.3792985e-07    45.976618        3e-09 51580991   174501    91866        0        0    296.55898 
    1400    29.655484 1.3757209e-07    45.857366        3e-09 51448573   174350    91432        0        0    296.41567 
    1500    32.133337 1.2107245e-07    40.357479        3e-09 51319010   174533    90799        0        0    296.26252 
    1600    34.306156 1.3806962e-07    46.023208        3e-09 51200396   173819    90481        0        0    296.29375 
    1700    36.462642 1.3911519e-07    46.371729        3e-09 51095291   174186    90605        0        0    296.33564 
    1800    38.627885 1.3855242e-07    46.184137        3e-09 51001482   174087    90163        0        0     296.4074 
    1900    40.779698 1.3941748e-07    46.472495        3e-09 50922724   174708    89853        0        0    296.53311 
    2000    42.940132 1.3886095e-07    46.286983        3e-09 50854096   173830    89320        0        0    296.68081 
Loop time of 42.9404 on 384 procs for 2000 steps with 50854096 particles
Step CPU T/CPU S/CPU Dt Np Natt Ncoll Nbound Nexit c_temp 
    2000            0            0            0        3e-09 50854096   173830    89320        0        0    296.68081 
    2100    2.1322045 1.406993e-07    46.899743        3e-09 50797031   146681    89206        0        0    296.98081 
    2200    4.2581008 1.4111694e-07    47.038973        3e-09 50750098   153694    89564        0        0    297.14511 
    2300    6.3899803 1.4072082e-07    46.906939        3e-09 50713206   157778    89639        0        0    297.30981 
    2400    8.5439477 1.3927785e-07    46.425948        3e-09 50680066   160592    89395        0        0    297.52528 
    2500     10.67812 1.4056963e-07    46.856556        3e-09 50656278   162030    89150        0        0    297.66853 
    2600    12.808004 1.4085288e-07    46.950956        3e-09 50637963   163730    89361        0        0    297.83499 
    2700    14.941074 1.4064226e-07    46.880758        3e-09 50625624   164845    89205        0        0    297.96055 
    2800    17.076707 1.4047352e-07    46.824505        3e-09 50610371   166206    89751        0        0    298.10981 
    2900    19.519297 1.2282042e-07     40.94014        3e-09 50599668   167092    89123        0        0    298.21913 
    3000    21.662142 1.4000083e-07     46.66694        3e-09 50590022   167702    89521        0        0    298.34305 
Loop time of 21.6623 on 384 procs for 1000 steps with 50590022 particles
MPI task timing breakdown:
Section |  min time  |  avg time  |  max time  |%varavg| %total
---------------------------------------------------------------
Move    | 3.9763     | 6.8663     | 26.715     | 154.1 | 15.99
Coll    | 0.35668    | 0.69144    | 2.194      |  50.0 |  1.61
Sort    | 0.96604    | 2.0811     | 5.6235     |  94.4 |  4.85
Comm    | 1.2269     | 1.4592     | 2.0549     |  19.3 |  3.40
Modify  | 5.6925     | 9.9625     | 11.378     |  53.9 | 23.20
Output  | 0.056572   | 0.11258    | 0.12955    |   6.2 |  0.26
MPI Sync| 2.0373     | 21.766     | 24.646     |  88.6 | 50.69
Other   |            | 0.0009655  |            |       |  0.00

MPI task timing breakdown:
Section |  min time  |  avg time  |  max time  |%varavg| %total
---------------------------------------------------------------
Move    | 1.8593     | 3.3768     | 13.997     | 104.9 | 15.59
Coll    | 0.17347    | 0.33063    | 1.1627     |  35.4 |  1.53
Sort    | 0.47587    | 1.01       | 2.6736     |  61.9 |  4.66
Comm    | 0.52708    | 0.64043    | 0.99499    |  14.6 |  2.96
Modify  | 2.5377     | 4.9914     | 5.6588     |  35.4 | 23.04
Output  | 0.0099047  | 0.041663   | 0.049551   |   4.8 |  0.19
MPI Sync| 0.71728    | 11.271     | 12.756     |  58.7 | 52.03
Other   |            | 0.0001491  |            |       |  0.00

Particle moves    = 103220530591 (103B)
Particles: 132433 ave 358592 max 84296 min
Cells:      2250 ave 2250 max 2250 min
Particle moves    = 50678708777 (50.7B)
Particles: 131745 ave 358632 max 80747 min
Cells:      2250 ave 2250 max 2250 min
