job        1215415.pbs60
date       2026-09-23T13:27:39+02:00
study      saturation
scale      1 (work per node x 1)
arch       gpu
nodes      1
ranks      4 (4 per node)
fnum       1.833900e+08 (= 1.8339e+08 / 1)
npart      25700000 (25700000 per node)
warmup     2000 steps (not measured)
nsteps     1000 (measured)
gpu_aware  1
balance    deck (rcb cell)
input      /hpc/data/cfd-students/nnoventa/sparta/nicola/input/in.sparta.gpu (patched copy: /hpc/data/cfd-students/nnoventa/sparta/nicola/results/saturation/gpu_n1_1215415/in.deck)
commit     3b4f3081800502f8e08d74dff460b8f1de940327
build      arch    v100 commit  b7c3d8561f2539035449274b4d194c0b224d869a date    2026-09-22T10:16:03+02:00 
exe        /hpc/data/cfd-students/nnoventa/sparta/install_v100/bin/spa_kokkos_cuda
hosts      an5017.cm.cluster 

Created 25699785 particles
Step CPU T/CPU S/CPU Dt Np Natt Ncoll Nbound Nexit c_temp 
       0            0            0            0        3e-09 25699785        0        0        0        0    300.00302 
     100    1.8450672 1.6259553e-07    54.198479        3e-09 25753384    68996    44616        0        0    299.68598 
     200    3.6790748 1.6357623e-07    54.525416        3e-09 25829170    73185    44771        0        0    299.71668 
     300    5.5460296 1.6068946e-07    53.563149        3e-09 25900187    76026    45260        0        0    299.74848 
     400    7.4491418 1.5763655e-07    52.545521        3e-09 25957727    77894    45389        0        0     299.6308 
     500    9.3685021 1.5630205e-07    52.100682        3e-09 26006860    79781    45880        0        0    299.42778 
     600    11.316176 1.5402976e-07    51.343255        3e-09 26041896    80757    45836        0        0    299.24829 
     700    13.273044 1.5330628e-07    51.102095        3e-09 26061541    82191    46233        0        0    298.94685 
     800     15.25158 1.5162726e-07    50.542412        3e-09 26060692    83267    46656        0        0    298.60753 
     900    17.237441 1.5106801e-07    50.356013        3e-09 26038334    84091    46489        0        0       298.16 
    1000    19.240098 1.4980101e-07    49.933668        3e-09 25999409    83925    46101        0        0    297.72728 
    1100    21.252682 1.4906204e-07    49.687347        3e-09 25947769    84608    46183        0        0    297.29713 
    1200    23.264133 1.4914607e-07    49.715355        3e-09 25889342    84553    46242        0        0    297.07069 
    1300    25.282177 1.4865884e-07    49.552949        3e-09 25823218    84922    45951        0        0    296.81754 
    1400    27.302379 1.4849999e-07    49.499996        3e-09 25759930    84741    45667        0        0    296.65841 
    1500    29.430902 1.4094281e-07    46.980935        3e-09 25702515    84953    45783        0        0    296.63532 
    1600    31.456919 1.4807381e-07    49.357938        3e-09 25645924    84642    45324        0        0    296.66372 
    1700    33.481622 1.4816986e-07    49.389953        3e-09 25592528    84772    45244        0        0    296.63558 
    1800    35.515205 1.4752288e-07    49.174295        3e-09 25547198    85111    45596        0        0    296.70199 
    1900    37.547293 1.4763135e-07    49.210449        3e-09 25509595    84927    45251        0        0     296.8119 
    2000    39.577471 1.4777031e-07    49.256772        3e-09 25478188    84319    44782        0        0    296.99117 
Loop time of 39.5775 on 4 procs for 2000 steps with 25478188 particles
Step CPU T/CPU S/CPU Dt Np Natt Ncoll Nbound Nexit c_temp 
    2000            0            0            0        3e-09 25478188    84319    44782        0        0    296.99117 
    2100    2.0765168 1.4447255e-07    48.157494        3e-09 25449731    70045    45080        0        0    297.20298 
    2200    4.1161657 1.4708418e-07    49.028064        3e-09 25427211    73910    44904        0        0    297.44279 
    2300    6.1592968 1.4683343e-07     48.94447        3e-09 25411052    75824    44856        0        0    297.60643 
    2400    8.2094589 1.463299e-07    48.776637        3e-09 25399310    77015    44987        0        0    297.81566 
    2500    10.260794 1.4624619e-07    48.748729        3e-09 25389556    77952    44661        0        0    297.90324 
    2600    12.309717 1.4641837e-07    48.806124        3e-09 25379507    79308    44941        0        0     298.0436 
    2700    14.359909 1.463278e-07    48.775933        3e-09 25374665    80007    44898        0        0     298.1958 
    2800    16.410709 1.4628439e-07    48.761462        3e-09 25369739    80790    45202        0        0     298.3247 
    2900    18.461689 1.4627149e-07    48.757164        3e-09 25367652    80786    44821        0        0    298.48526 
    3000    20.607584 1.3980181e-07    46.600604        3e-09 25362362    81981    45226        0        0    298.61892 
Loop time of 20.6076 on 4 procs for 1000 steps with 25362362 particles
MPI task timing breakdown:
Section |  min time  |  avg time  |  max time  |%varavg| %total
---------------------------------------------------------------
Move    | 26.323     | 26.602     | 26.939     |   5.1 | 67.21
Coll    | 2.955      | 3.0631     | 3.1261     |   3.9 |  7.74
Sort    | 3.9027     | 3.9644     | 4.0283     |   2.6 | 10.02
Comm    | 0.54193    | 0.64793    | 0.69571    |   7.8 |  1.64
Modify  | 1.8823     | 2.0024     | 2.1716     |   8.2 |  5.06
Output  | 2.8562     | 2.8578     | 2.8596     |   0.1 |  7.22
MPI Sync| 0.059345   | 0.4398     | 0.82362    |  47.5 |  1.11
Other   |            | 0.0003114  |            |       |  0.00

MPI task timing breakdown:
Section |  min time  |  avg time  |  max time  |%varavg| %total
---------------------------------------------------------------
Move    | 13.376     | 13.566     | 13.784     |   4.6 | 65.83
Coll    | 1.4624     | 1.502      | 1.5337     |   2.3 |  7.29
Sort    | 2.4377     | 2.5182     | 2.5843     |   3.7 | 12.22
Comm    | 0.26518    | 0.31829    | 0.34179    |   5.5 |  1.54
Modify  | 0.90968    | 0.99648    | 1.1138     |   8.4 |  4.84
Output  | 1.4337     | 1.4347     | 1.4358     |   0.1 |  6.96
MPI Sync| 0.031067   | 0.2721     | 0.51623    |  37.8 |  1.32
Other   |            | 0.000152   |            |       |  0.00

Particle moves    = 51666042375 (51.7B)
Particles: 6.36955e+06 ave 6.37261e+06 max 6.36792e+06 min
Cells:      216000 ave 216000 max 216000 min
Particle moves    = 25398656665 (25.4B)
Particles: 6.34059e+06 ave 6.34767e+06 max 6.33611e+06 min
Cells:      216000 ave 216000 max 216000 min
