job        1215349.pbs60
date       2026-09-23T13:05:15+02:00
study      weak scaling
arch       cpu
nodes      1
ranks      192 (192 per node)
fnum       1.833900e+08 (= 1.8339e+08 / 1)
npart      25700000 (25700000 per node)
warmup     2000 steps (not measured)
nsteps     1000 (measured)
gpu_aware  1
balance    deck (rcb cell)
input      /hpc/data/cfd-students/nnoventa/sparta/nicola/input/in.sparta.gpu (patched copy: /hpc/data/cfd-students/nnoventa/sparta/nicola/results/weak/cpu_n1_1215349/in.deck)
commit     7c354932ba660ce164eb995e557b86a596dabb15
build      arch    cpu-zen4 commit  a93d3916c57c611b1ff0aea6dd1908d4951cbee7 date    2026-09-22T10:00:43+02:00 
exe        /hpc/data/cfd-students/nnoventa/sparta/install_cpu/bin/spa_kokkos_mpi_only
hosts      pn6392.cm.cluster 

Created 25699878 particles
Step CPU T/CPU S/CPU Dt Np Natt Ncoll Nbound Nexit c_temp 
       0            0            0            0        3e-09 25699878        0        0        0        0    300.00447 
     100    1.6394124 1.8299183e-07    60.997233        3e-09 25752947    68265    44249        0        0    299.72607 
     200    3.3712588 1.7322573e-07    57.741909        3e-09 25829856    72877    44800        0        0    299.82958 
     300    5.1378618 1.6981748e-07    56.605827        3e-09 25900415    76033    45231        0        0    299.78558 
     400    6.8791081 1.7229037e-07    57.430123        3e-09 25961053    77518    45359        0        0    299.64725 
     500    8.6090625 1.7341498e-07    57.804999        3e-09 26011683    79790    45881        0        0    299.43913 
     600    10.309365 1.7643922e-07    58.813083        3e-09 26048820    80757    45930        0        0    299.22979 
     700    12.002244 1.7721258e-07    59.070857        3e-09 26069146    81959    46103        0        0    298.91372 
     800    13.890201 1.5890197e-07    52.967321        3e-09 26068280    83475    46322        0        0    298.50434 
     900    15.555812 1.8011437e-07    60.038127        3e-09 26048071    83486    46401        0        0    298.10449 
    1000    17.204166 1.8199943e-07     60.66647        3e-09 26009959    84522    46623        0        0    297.68276 
    1100    18.837261 1.8370053e-07    61.233505        3e-09 25957618    84527    46199        0        0    297.30987 
    1200     20.45847 1.8504684e-07    61.682286        3e-09 25898559    84552    46140        0        0    297.00194 
    1300    22.077309 1.8531796e-07    61.772642        3e-09 25837116    84712    45759        0        0    296.75896 
    1400    23.705272 1.8427943e-07    61.426481        3e-09 25775873    84842    45870        0        0    296.56566 
    1500    25.318729 1.8593624e-07    61.978753        3e-09 25714978    84576    45628        0        0     296.5361 
    1600    26.934741 1.8564234e-07    61.880783        3e-09 25656935    84979    45844        0        0    296.48369 
    1700    28.544313 1.8638472e-07    62.128234        3e-09 25603932    84982    45487        0        0    296.48964 
    1800     30.15046 1.8678269e-07    62.260903        3e-09 25559042    85182    45501        0        0    296.58518 
    1900    31.768375 1.8542357e-07    61.807852        3e-09 25516661    85114    45234        0        0    296.68886 
    2000    33.378083 1.8636918e-07    62.123061        3e-09 25482891    84692    44887        0        0    296.86808 
Loop time of 33.3783 on 192 procs for 2000 steps with 25482891 particles
Step CPU T/CPU S/CPU Dt Np Natt Ncoll Nbound Nexit c_temp 
    2000            0            0            0        3e-09 25482891    84692    44887        0        0    296.86808 
    2100    1.6159153 1.8565293e-07     61.88426        3e-09 25457473    70045    44951        0        0    297.17633 
    2200    3.2045165 1.888455e-07    62.948507        3e-09 25436674    73714    44776        0        0    297.34413 
    2300    4.7988479 1.8816641e-07     62.72213        3e-09 25417527    76071    45014        0        0    297.51741 
    2400     6.486504 1.7776132e-07     59.25378        3e-09 25404585    77267    44784        0        0    297.70786 
    2500    8.0808734 1.8816239e-07    62.720786        3e-09 25394119    78064    44870        0        0    297.87327 
    2600     9.866937 1.6796713e-07    55.989055        3e-09 25386441    79217    44745        0        0    298.02014 
    2700     11.45963 1.8835999e-07    62.786658        3e-09 25378440    79969    45001        0        0    298.21906 
    2800    13.065346 1.868325e-07    62.277506        3e-09 25369936    80425    44812        0        0    298.37586 
    2900    14.656805 1.8850626e-07    62.835416        3e-09 25365432    80991    45068        0        0     298.4881 
    3000    16.253297 1.8791198e-07    62.637331        3e-09 25360348    81141    44917        0        0    298.53627 
Loop time of 16.2535 on 192 procs for 1000 steps with 25360348 particles
MPI task timing breakdown:
Section |  min time  |  avg time  |  max time  |%varavg| %total
---------------------------------------------------------------
Move    | 4.4773     | 7.287      | 23.252     | 150.6 | 21.83
Coll    | 0.44869    | 0.77885    | 1.6695     |  32.9 |  2.33
Sort    | 1.0251     | 2.1506     | 4.5522     |  63.3 |  6.44
Comm    | 0.38013    | 0.52517    | 0.58602    |   3.3 |  1.57
Modify  | 3.1473     | 5.7843     | 7.1876     |  47.1 | 17.33
Output  | 0.019432   | 0.059883   | 0.077122   |   6.4 |  0.18
MPI Sync| 0.42811    | 16.791     | 19.616     | 101.1 | 50.31
Other   |            | 0.001147   |            |       |  0.00

MPI task timing breakdown:
Section |  min time  |  avg time  |  max time  |%varavg| %total
---------------------------------------------------------------
Move    | 2.2121     | 3.598      | 11.416     | 101.7 | 22.14
Coll    | 0.21126    | 0.37554    | 0.90657    |  23.4 |  2.31
Sort    | 0.509      | 1.0455     | 2.0326     |  42.2 |  6.43
Comm    | 0.24233    | 0.29561    | 0.33184    |   2.4 |  1.82
Modify  | 1.4595     | 2.9708     | 3.6417     |  31.0 | 18.28
Output  | 0.0090229  | 0.027574   | 0.035915   |   4.5 |  0.17
MPI Sync| 0.13308    | 7.9404     | 9.3333     |  69.7 | 48.85
Other   |            | 0.0001521  |            |       |  0.00

Particle moves    = 51681508953 (51.7B)
Particles: 132723 ave 305580 max 89508 min
Cells:      4500 ave 4500 max 4500 min
Particle moves    = 25402859210 (25.4B)
Particles: 132085 ave 306295 max 86408 min
Cells:      4500 ave 4500 max 4500 min
