job        1215419.pbs60
date       2026-09-23T13:30:34+02:00
study      saturation
scale      16 (work per node x 16)
arch       gpu
nodes      1
ranks      4 (4 per node)
fnum       1.146188e+07 (= 1.8339e+08 / 16)
npart      411200000 (411200000 per node)
warmup     2000 steps (not measured)
nsteps     1000 (measured)
gpu_aware  1
balance    deck (rcb cell)
input      /hpc/data/cfd-students/nnoventa/sparta/nicola/input/in.sparta.gpu (patched copy: /hpc/data/cfd-students/nnoventa/sparta/nicola/results/saturation/gpu_n1_x16_1215419/in.deck)
commit     3b4f3081800502f8e08d74dff460b8f1de940327
build      arch    v100 commit  b7c3d8561f2539035449274b4d194c0b224d869a date    2026-09-22T10:16:03+02:00 
exe        /hpc/data/cfd-students/nnoventa/sparta/install_v100/bin/spa_kokkos_cuda
hosts      an5016.cm.cluster 

Created 411198527 particles
Step CPU T/CPU S/CPU Dt Np Natt Ncoll Nbound Nexit c_temp 
       0            0            0            0        3e-09 411198527        0        0        0        0    299.99138 
     100    25.809462 1.1623643e-08    3.8745474        3e-09 411922947  1325067   716227        0        0     299.2856 
     200    52.763179 1.1130191e-08    3.7100636        3e-09 413022493  1378412   721362        0        0     299.0802 
     300    80.691221 1.0741891e-08    3.5806305        3e-09 413995219  1409919   724125        0        0    298.86052 
     400    109.26488 1.0499182e-08    3.4997274        3e-09 414793711  1434193   726028        0        0    298.63511 
     500     138.2643 1.0345032e-08     3.448344        3e-09 415445077  1454298   728826        0        0    298.42734 
     600    167.56281 1.023943e-08    3.4131434        3e-09 415905111  1471933   732764        0        0    298.25201 
     700    197.12896 1.0146739e-08    3.3822462        3e-09 416109847  1487179   737196        0        0    298.01533 
     800    227.07981 1.0016409e-08    3.3388031        3e-09 416005686  1499283   738335        0        0     297.7138 
     900    257.33186 9.9166843e-09    3.3055614        3e-09 415600391  1506768   738351        0        0    297.38746 
    1000     287.5962 9.9126571e-09     3.304219        3e-09 414924657  1512475   738514        0        0    297.01923 
    1100     318.0028 9.866279e-09    3.2887597        3e-09 414065379  1514179   737061        0        0    296.70613 
    1200    348.42461 9.8613448e-09    3.2871149        3e-09 413090948  1514489   735462        0        0    296.45123 
    1300    378.88889   9.8476e-09    3.2825333        3e-09 412057401  1513593   731369        0        0    296.25984 
    1400    409.36753 9.8429587e-09    3.2809862        3e-09 411019604  1511634   730279        0        0    296.14384 
    1500     439.8528 9.8408175e-09    3.2802725        3e-09 410018515  1509749   726147        0        0    296.08758 
    1600    470.36414 9.8324107e-09    3.2774702        3e-09 409086781  1507337   723463        0        0    296.09932 
    1700    500.89616 9.8257489e-09    3.2752497        3e-09 408248350  1505065   721362        0        0    296.17805 
    1800     531.4585 9.8160026e-09    3.2720009        3e-09 407512719  1503406   719591        0        0    296.29412 
    1900    562.02913 9.8133388e-09    3.2711129        3e-09 406882538  1502200   719288        0        0    296.42794 
    2000    592.61351 9.8089293e-09    3.2696431        3e-09 406341932  1501730   716449        0        0    296.58932 
Loop time of 592.614 on 4 procs for 2000 steps with 406341932 particles
Step CPU T/CPU S/CPU Dt Np Natt Ncoll Nbound Nexit c_temp 
    2000            0            0            0        3e-09 406341932  1501730   716449        0        0    296.58932 
    2100    30.671949 9.780923e-09    3.2603076        3e-09 405898063  1328371   714203        0        0     296.7908 
    2200    61.286559 9.7992423e-09    3.2664141        3e-09 405530429  1370432   714689        0        0    297.00763 
    2300    91.952822 9.7827382e-09    3.2609127        3e-09 405236396  1392885   714015        0        0    297.17893 
    2400    122.63191 9.7786469e-09    3.2595489        3e-09 405005381  1408645   714442        0        0    297.36718 
    2500    153.33945 9.7695888e-09    3.2565296        3e-09 404818901  1420232   712945        0        0    297.53436 
    2600    184.08504 9.7574968e-09    3.2524989        3e-09 404652287  1430087   713990        0        0    297.68965 
    2700    214.88749 9.7394848e-09    3.2464949        3e-09 404517111  1437290   714441        0        0    297.84121 
    2800    245.75975 9.7174621e-09     3.239154        3e-09 404406192  1444613   714003        0        0    297.99017 
    2900    276.64689 9.7127793e-09    3.2375931        3e-09 404302590  1450835   713684        0        0    298.12257 
    3000    307.53432 9.7126892e-09    3.2375631        3e-09 404206143  1455995   713927        0        0    298.24734 
Loop time of 307.534 on 4 procs for 1000 steps with 404206143 particles
MPI task timing breakdown:
Section |  min time  |  avg time  |  max time  |%varavg| %total
---------------------------------------------------------------
Move    | 400.62     | 403.64     | 406.91     |  14.6 | 68.11
Coll    | 22.998     | 23.983     | 24.631     |  12.5 |  4.05
Sort    | 101.53     | 101.87     | 102.35     |   3.3 | 17.19
Comm    | 2.0432     | 2.2225     | 2.3012     |   7.1 |  0.38
Modify  | 11.15      | 12.266     | 13.534     |  25.4 |  2.07
Output  | 45.155     | 45.171     | 45.181     |   0.2 |  7.62
MPI Sync| 0.10337    | 3.4608     | 6.4845     | 162.4 |  0.58
Other   |            | 0.0003155  |            |       |  0.00

MPI task timing breakdown:
Section |  min time  |  avg time  |  max time  |%varavg| %total
---------------------------------------------------------------
Move    | 202.32     | 205.07     | 207.71     |  15.5 | 66.68
Coll    | 11.673     | 12.353     | 12.696     |  11.9 |  4.02
Sort    | 57.516     | 57.776     | 58.138     |   3.1 | 18.79
Comm    | 1.0072     | 1.0885     | 1.1263     |   4.6 |  0.35
Modify  | 5.2525     | 5.9472     | 6.8818     |  25.3 |  1.93
Output  | 22.575     | 22.584     | 22.592     |   0.1 |  7.34
MPI Sync| 0.039191   | 2.7129     | 5.4542     | 137.1 |  0.88
Other   |            | 0.0001539  |            |       |  0.00

Particle moves    = 824852903928 (825B)
Particles: 1.01585e+08 ave 1.01593e+08 max 1.01572e+08 min
Cells:      216000 ave 216000 max 216000 min
Particle moves    = 404959649455 (405B)
Particles: 1.01052e+08 ave 1.01067e+08 max 1.01035e+08 min
Cells:      216000 ave 216000 max 216000 min
