job        1211165.pbs60
date       2026-09-22T11:24:06+02:00
arch       cpu
nodes      1
ranks      192 (192 per node)
nsteps     10000
npart      120000000
gpu_aware  1
balance    dyn, every 1000 steps
input      /hpc/data/cfd-students/nnoventa/sparta/nicola/results/scaling/cpu_n1_baldyn_s10000_1211165/in.deck
commit     745437a511f90034590e24e030316653e995f251
build      arch    cpu-zen4 commit  a93d3916c57c611b1ff0aea6dd1908d4951cbee7 date    2026-09-22T10:00:43+02:00 
exe        /hpc/data/cfd-students/nnoventa/sparta/install_cpu/bin/spa_kokkos_mpi_only
hosts      pn6382.cm.cluster 

Step CPU T/CPU S/CPU Dt Np Natt Ncoll Nbound Nexit c_temp 
       0            0            0            0        3e-09 119999540        0        0        0        0    300.03775 
     100    6.5080636 4.6096637e-08    15.365543        3e-09 117877261  1749297   930173        0        0    297.73393 
     200     12.85166 4.7291782e-08    15.763929        3e-09 115515684  1739678   895768        0        0    295.98715 
     300    19.245238 4.6922068e-08    15.640689        3e-09 113125398  1703626   863247        0        0    294.58042 
     400    25.235075 5.0084861e-08    16.694954        3e-09 110738566  1658797   829568        0        0     293.5098 
     500    31.169491 5.0552569e-08    16.850856        3e-09 108373413  1609499   798002        0        0    292.74784 
     600    37.011204 5.1354786e-08    17.118262        3e-09 106041891  1559927   767835        0        0    292.20327 
     700    42.787346 5.1937777e-08    17.312593        3e-09 103754654  1512021   739672        0        0     291.8355 
     800    48.681037 5.0901903e-08    16.967301        3e-09 101529963  1465922   714715        0        0    291.50921 
     900    54.311724 5.3279465e-08    17.759822        3e-09 99385467  1423258   690714        0        0    291.33903 
    1000    60.084664 5.1966573e-08    17.322191        3e-09 97332742  1383600   669102        0        0    291.26019 
    1100    65.117901 5.9603805e-08    19.867935        3e-09 95377773  1347850   649757        0        0    291.16247 
    1200     70.02922 6.1083391e-08     20.36113        3e-09 93542012  1315171   633300        0        0     291.1604 
    1300    74.869597 6.1978631e-08    20.659544        3e-09 91823631  1285794   618838        0        0    291.27221 
    1400    79.816818 6.0640127e-08    20.213376        3e-09 90220742  1259342   604544        0        0    291.49096 
    1500      84.5358 6.3572999e-08    21.190999        3e-09 88727691  1235063   592169        0        0    291.79279 
    1600    89.181801 6.4571704e-08    21.523902        3e-09 87337566  1212995   579640        0        0    292.02035 
    1700    93.775137 6.5312002e-08    21.770667        3e-09 86048202  1193347   569951        0        0    292.31486 
    1800    98.302595 6.6262349e-08     22.08745        3e-09 84849659  1174214   560928        0        0     292.6153 
    1900    102.78576 6.6917056e-08    22.305685        3e-09 83734273  1157789   551477        0        0    292.90498 
    2000    107.75199 6.0407985e-08    20.135995        3e-09 82698434  1142377   542892        0        0    293.23147 
    2100    111.85286 7.3155108e-08    24.385036        3e-09 81733300  1127897   536271        0        0    293.46071 
    2200    115.87587 7.4571018e-08    24.857007        3e-09 80834247  1114589   529851        0        0    293.69622 
    2300    119.85171 7.5455883e-08     25.15196        3e-09 79994055  1101218   521546        0        0    293.96521 
    2400    123.79315 7.6114295e-08    25.371432        3e-09 79207331  1089771   515250        0        0    294.22339 
    2500    127.68719 7.7040658e-08    25.680219        3e-09 78470911  1078701   509538        0        0    294.50535 
    2600    131.55152 7.7633318e-08    25.877773        3e-09 77780279  1067980   504188        0        0    294.74237 
    2700    135.37982 7.8363619e-08    26.121206        3e-09 77128364  1057727   497883        0        0    294.95025 
    2800    139.37817 7.5030979e-08    25.010326        3e-09 76518204  1047915   494133        0        0    295.14657 
    2900    143.14299 7.9685127e-08    26.561709        3e-09 75944642  1038731   488665        0        0    295.34103 
    3000     146.9814 7.8157262e-08    26.052422        3e-09 75399627  1030154   485154        0        0    295.54836 
    3100    150.71546 8.0341492e-08    26.780497        3e-09 74888086  1021542   480600        0        0    295.60487 
    3200    154.40255 8.1365049e-08    27.121683        3e-09 74405859  1013638   476676        0        0    295.77215 
    3300     158.0672 8.1863183e-08    27.287728        3e-09 73950827  1005529   471402        0        0    295.93036 
    3400    161.70502 8.2467102e-08    27.489034        3e-09 73517594   998076   467128        0        0    296.11373 
    3500     165.3158 8.3084378e-08    27.694793        3e-09 73102926   990444   463681        0        0    296.26697 
    3600    169.08057 7.968623e-08    26.562076        3e-09 72710666   983152   460371        0        0    296.41223 
    3700    172.68809  8.31597e-08      27.7199        3e-09 72335167   976479   457076        0        0    296.53321 
    3800    176.22215 8.4888037e-08    28.296013        3e-09 71974320   970072   453825        0        0    296.67923 
    3900    179.73474 8.5407073e-08    28.469024        3e-09 71628216   962821   449533        0        0    296.81186 
    4000    188.19441 3.5462391e-08    11.820797        3e-09 71295590   956445   446272        0        0    296.92852 
    4100    191.66755 8.6377292e-08     28.79243        3e-09 70975001   950079   443958        0        0    297.03075 
    4200    195.11923 8.6914078e-08     28.97136        3e-09 70665073   943936   440461        0        0    297.11191 
    4300    198.85602 8.0282843e-08    26.760947        3e-09 70362735   937170   437308        0        0    297.20111 
    4400    202.27199 8.7822658e-08     29.27422        3e-09 70073321   931506   433506        0        0    297.31731 
    4500     205.6688 8.8318113e-08     29.43937        3e-09 69793526   925986   431069        0        0    297.42161 
    4600    209.05214 8.866986e-08    29.556621        3e-09 69518600   919620   428127        0        0    297.49841 
    4700    212.42109 8.9048572e-08    29.682858        3e-09 69252560   913797   424578        0        0    297.55871 
    4800    215.78473 8.9189129e-08     29.72971        3e-09 68991609   908039   423544        0        0    297.61677 
    4900    219.12424 8.9833565e-08    29.944521        3e-09 68737141   902820   420107        0        0    297.69925 
    5000    222.45255 9.013567e-08    30.045224        3e-09 68489704   897222   416762        0        0    297.78293 
    5100    225.77137 9.0393686e-08    30.131227        3e-09 68243845   891944   414625        0        0    297.81363 
    5200    229.37956  8.31442e-08    27.714734        3e-09 68005062   886416   411061        0        0    297.91012 
    5300    232.66803 9.1227891e-08    30.409298        3e-09 67766568   881292   409901        0        0    297.92295 
    5400    235.94976 9.1415023e-08    30.471674        3e-09 67533217   876035   406216        0        0    297.98979 
    5500    239.20732 9.2093446e-08    30.697816        3e-09 67302361   870423   402967        0        0    298.06031 
    5600    242.45443 9.2389845e-08    30.796615        3e-09 67080150   866025   401562        0        0    298.11202 
    5700    245.68932 9.273905e-08    30.913016        3e-09 66857584   860247   398616        0        0    298.17341 
    5800    248.91393 9.3034447e-08    31.011482        3e-09 66637170   855468   395840        0        0    298.20612 
    5900    252.11695 9.3661587e-08     31.22053        3e-09 66420763   850113   394219        0        0     298.2499 
    6000    255.40666 9.1193356e-08    30.397786        3e-09 66206926   844947   391103        0        0    298.26463 
    6100    258.88239 8.6312778e-08    28.770926        3e-09 65998102   840367   388855        0        0    298.22855 
    6200    262.13919 9.2115077e-08    30.705026        3e-09 65789483   835577   387190        0        0    298.20958 
    6300    265.38982 9.2289773e-08    30.763256        3e-09 65581385   830831   383844        0        0    298.25948 
    6400    268.62915 9.2611657e-08    30.870553        3e-09 65379993   826282   382613        0        0    298.29747 
    6500    271.85554 9.2983222e-08    30.994407        3e-09 65181067   821487   379919        0        0    298.38652 
    6600    275.05327 9.3816702e-08    31.272233        3e-09 64984159   816953   377187        0        0    298.43573 
    6700    278.22732 9.4516493e-08    31.505497        3e-09 64789197   812239   374510        0        0    298.48016 
    6800    281.39135 9.481559e-08    31.605198        3e-09 64592622   807801   372173        0        0    298.51278 
    6900    284.52864 9.562411e-08    31.874702        3e-09 64400294   802793   370519        0        0    298.50932 
    7000    287.99216 8.661699e-08    28.872331        3e-09 64211304   798533   367889        0        0    298.48727 
    7100    291.10779 9.6288563e-08    32.096187        3e-09 64024385   794143   365726        0        0    298.55616 
    7200    294.18174 9.7594421e-08    32.531473        3e-09 63837135   789310   363537        0        0    298.59675 
    7300    297.23641 9.821046e-08     32.73682        3e-09 63656944   785002   362110        0        0    298.58493 
    7400    300.28678 9.8348476e-08    32.782825        3e-09 63477872   780745   359920        0        0    298.65342 
    7500    303.32151 9.8855547e-08    32.951849        3e-09 63298918   776462   357426        0        0    298.67601 
    7600      306.343 9.9288818e-08    33.096272        3e-09 63119689   772377   356008        0        0    298.68634 
    7700    309.34911 9.9796844e-08    33.265614        3e-09 62940448   767836   353252        0        0    298.71797 
    7800    312.34397 1.0017171e-07    33.390571        3e-09 62764357   763347   351400        0        0    298.71606 
    7900    315.32692 1.0057137e-07     33.52379        3e-09 62587748   759550   349160        0        0    298.77462 
    8000    318.48621 9.4958023e-08    31.652676        3e-09 62413619   755024   346970        0        0    298.79815 
    8100    321.44906 1.0125405e-07    33.751348        3e-09 62241261   751043   344924        0        0    298.77337 
    8200    324.39562 1.0181348e-07    33.937828        3e-09 62073671   746857   343678        0        0    298.76958 
    8300    327.32415 1.0244051e-07    34.146836        3e-09 61908189   742747   341004        0        0    298.76086 
    8400    330.23659 1.0300657e-07    34.335523        3e-09 61744052   739007   338505        0        0    298.77828 
    8500    333.15121 1.0292935e-07    34.309782        3e-09 61580926   734745   337627        0        0    298.79358 
    8600    336.05106 1.0345351e-07    34.484504        3e-09 61417335   730572   335409        0        0    298.84235 
    8700      338.941 1.0380835e-07    34.602781        3e-09 61255791   726979   334022        0        0    298.80913 
    8800    341.81882 1.0424582e-07    34.748609        3e-09 61094750   722962   332082        0        0    298.83599 
    8900      344.698 1.041961e-07    34.732032        3e-09 60935646   719146   329882        0        0    298.89488 
    9000     347.8323 9.5715149e-08    31.905051        3e-09 60776618   714877   326875        0        0    298.82809 
    9100    352.10627 7.019234e-08    23.397446        3e-09 60618912   711127   325681        0        0    298.82999 
    9200     356.3248 7.1114852e-08     23.70495        3e-09 60463231   707146   324686        0        0    298.86232 
    9300    360.60853 7.0032493e-08    23.344165        3e-09 60309247   703498   323324        0        0    298.89018 
    9400    364.79761 7.1614743e-08    23.871581        3e-09 60155917   699716   320964        0        0    298.91298 
    9500     368.9766 7.1787569e-08     23.92919        3e-09 60005319   696347   319776        0        0    298.93866 
    9600    373.22726 7.057738e-08    23.525794        3e-09 59854705   692824   317311        0        0    298.96814 
    9700    377.70609 6.698168e-08    22.327226        3e-09 59704031   688915   315731        0        0    298.97675 
    9800    381.85162 7.2367235e-08    24.122412        3e-09 59553665   684586   313471        0        0    298.92467 
    9900    385.96598 7.291527e-08     24.30509        3e-09 59406734   681607   312507        0        0    298.93233 
   10000    390.19832 7.0882839e-08    23.627613        3e-09 59261774   677701   309858        0        0    298.96164 
Loop time of 390.198 on 192 procs for 10000 steps with 59261774 particles
MPI task timing breakdown:
Section |  min time  |  avg time  |  max time  |%varavg| %total
---------------------------------------------------------------
Move    | 97.146     | 152.42     | 199.37     | 178.9 | 39.06
Coll    | 18.098     | 41.662     | 52.891     | 171.6 | 10.68
Sort    | 57.19      | 64.138     | 68.507     |  41.2 | 16.44
Comm    | 10.867     | 12.141     | 15.306     |  19.2 |  3.11
Modify  | 29.871     | 44.968     | 74.732     | 209.8 | 11.52
Output  | 0.52878    | 0.83182    | 1.2239     |  22.6 |  0.21
MPI Sync| 28.107     | 74.036     | 129.01     | 253.8 | 18.97
Other   |            | 0.00268    |            |       |  0.00

Particle moves    = 736710077240 (737B)
Particles: 308655 ave 309094 max 308226 min
Cells:      4500 ave 7368 max 3543 min
