
NOTICE: Existing SQLite export found: /hpc/data/cfd-students/nnoventa/sparta/nicola/results/sparta_nsys_v100_1209388_np30000000_ro0/nsys_rank0.sqlite
        It is assumed file was previously exported from: /hpc/data/cfd-students/nnoventa/sparta/nicola/results/sparta_nsys_v100_1209388_np30000000_ro0/nsys_rank0.nsys-rep
        Consider using --force-export=true if needed.

Processing [/hpc/data/cfd-students/nnoventa/sparta/nicola/results/sparta_nsys_v100_1209388_np30000000_ro0/nsys_rank0.sqlite] with [/cm/shared/apps/cuda12.8/visual-tools/12.8.1/nsight-systems/2024.6.2/host-linux-x64/reports/osrt_sum.py]... 

 ** OS Runtime Summary (osrt_sum):

 Time (%)  Total Time (ns)  Num Calls     Avg (ns)         Med (ns)        Min (ns)        Max (ns)       StdDev (ns)               Name          
 --------  ---------------  ---------  ---------------  ---------------  -------------  --------------  ----------------  ------------------------
     43.2  139,828,013,233        102  1,370,862,874.8         49,197.5          1,123  46,758,370,556   7,811,979,322.7  epoll_wait              
     14.4   46,583,847,665          6  7,763,974,610.8     74,331,502.0      1,034,681  46,010,696,173  18,737,680,414.7  sem_wait                
     14.3   46,243,880,437        475     97,355,537.8    100,120,584.0         47,227     135,537,503      16,288,846.9  poll                    
     14.3   46,206,840,727        159    290,609,061.2          8,210.0          1,017  15,016,669,302   1,860,685,228.2  read                    
     13.6   44,000,697,020         11  4,000,063,365.5  4,000,069,170.0  4,000,001,778   4,000,076,093          20,984.0  sem_timedwait           
      0.2      594,614,446      4,560        130,397.9         33,379.5          1,046     106,063,666       1,727,412.7  ioctl                   
      0.0       49,678,681         13      3,821,437.0         61,289.0         39,130      40,627,433      11,287,545.7  pthread_cond_wait       
      0.0       18,294,330        132        138,593.4         20,299.5          1,010       8,163,984         791,127.6  write                   
      0.0       12,996,749        204         63,709.6          3,042.0          1,054      12,094,002         846,465.3  open                    
      0.0       11,661,191         10      1,166,119.1         33,152.0          1,850       6,042,068       2,390,363.6  fwrite                  
      0.0        9,721,497        139         69,938.8          3,011.0          1,045       3,434,503         381,274.5  fopen                   
      0.0        8,279,157        752         11,009.5          3,263.0          1,012       3,382,909         130,392.0  fgets                   
      0.0        7,109,495         14        507,821.1         19,674.5          1,053       6,902,515       1,840,536.6  pthread_cond_broadcast  
      0.0        6,067,346         10        606,734.6         25,897.0          3,575       5,815,496       1,830,277.8  writev                  
      0.0        5,086,337          1      5,086,337.0      5,086,337.0      5,086,337       5,086,337               0.0  nanosleep               
      0.0        4,723,375         12        393,614.6         20,587.5         19,085       4,066,802       1,159,080.5  pthread_mutex_lock      
      0.0        1,735,844         37         46,914.7          4,726.0          3,470       1,360,595         222,280.9  mmap64                  
      0.0          621,799          8         77,724.9         70,713.5         59,434         127,425          22,578.2  pthread_create          
      0.0          610,726         90          6,785.8          1,264.5          1,003         228,545          28,608.6  fclose                  
      0.0          325,871          2        162,935.5        162,935.5        161,458         164,413           2,089.5  usleep                  
      0.0          258,707          7         36,958.1         32,277.0          2,530         137,638          46,630.6  fputs                   
      0.0          246,650         66          3,737.1          3,181.0          1,080          12,339           1,925.6  open64                  
      0.0          241,220        125          1,929.8          1,300.0          1,001           8,732           1,498.3  socket                  
      0.0          232,049         32          7,251.5          3,227.0          1,215          32,882           7,978.0  sendmsg                 
      0.0          153,281          4         38,320.3         40,198.0          1,052          71,833          36,094.6  fflush                  
      0.0          146,158         23          6,354.7          1,742.0          1,020          17,307           6,151.9  recvmsg                 
      0.0          144,282         10         14,428.2         16,917.0          1,409          23,113           7,820.2  fputc                   
      0.0          100,396         10         10,039.6         10,039.0          5,679          14,630           3,594.6  openat                  
      0.0           96,412         14          6,886.6          6,179.0          1,499          16,994           4,332.6  shmget                  
      0.0           90,180         10          9,018.0          6,113.5          1,453          31,597           9,542.0  fread                   
      0.0           80,705         47          1,717.1          1,485.0          1,000           3,908             711.2  epoll_ctl               
      0.0           62,168          4         15,542.0         12,354.0          7,263          30,197          10,110.5  connect                 
      0.0           22,069         10          2,206.9          1,218.5          1,038           5,353           1,581.0  mprotect                
      0.0           22,048          3          7,349.3          6,959.0          5,625           9,464           1,949.0  socketpair              
      0.0           16,222          6          2,703.7          2,445.5          1,361           5,151           1,395.9  mmap                    
      0.0           15,886          9          1,765.1          1,761.0          1,091           3,406             700.5  bind                    
      0.0           12,610          3          4,203.3          4,743.0          2,279           5,588           1,719.2  pipe2                   
      0.0           11,727          2          5,863.5          5,863.5          5,685           6,042             252.4  pthread_spin_trylock    
      0.0           11,707          4          2,926.8          3,012.5          2,194           3,488             561.6  process_vm_writev       
      0.0           11,311          4          2,827.8          2,497.5          1,012           5,304           2,007.9  pthread_rwlock_trywrlock
      0.0           10,522          2          5,261.0          5,261.0          2,844           7,678           3,418.2  pipe                    
      0.0           10,310          1         10,310.0         10,310.0         10,310          10,310               0.0  shutdown                
      0.0            8,158          2          4,079.0          4,079.0          2,400           5,758           2,374.5  send                    
      0.0            8,062          1          8,062.0          8,062.0          8,062           8,062               0.0  shmdt                   
      0.0            6,053          5          1,210.6          1,157.0          1,122           1,340             103.3  fcntl                   
      0.0            5,177          1          5,177.0          5,177.0          5,177           5,177               0.0  shmat                   
      0.0            2,577          1          2,577.0          2,577.0          2,577           2,577               0.0  process_vm_readv        
      0.0            2,267          1          2,267.0          2,267.0          2,267           2,267               0.0  fgets_unlocked          
      0.0            1,698          1          1,698.0          1,698.0          1,698           1,698               0.0  listen                  
      0.0            1,378          1          1,378.0          1,378.0          1,378           1,378               0.0  recvfrom                
      0.0            1,071          1          1,071.0          1,071.0          1,071           1,071               0.0  recv                    

