job        1215414.pbs60
date       2026-09-23T14:06:04+02:00
study      saturation
scale      16 (work per node x 16)
arch       cpu
nodes      1
ranks      192 (192 per node)
fnum       1.146188e+07 (= 1.8339e+08 / 16)
npart      411200000 (411200000 per node)
warmup     2000 steps (not measured)
nsteps     1000 (measured)
gpu_aware  1
balance    deck (rcb cell)
input      /hpc/data/cfd-students/nnoventa/sparta/nicola/input/in.sparta.gpu (patched copy: /hpc/data/cfd-students/nnoventa/sparta/nicola/results/saturation/cpu_n1_x16_1215414/in.deck)
commit     3b4f3081800502f8e08d74dff460b8f1de940327
build      arch    cpu-zen4 commit  a93d3916c57c611b1ff0aea6dd1908d4951cbee7 date    2026-09-22T10:00:43+02:00 
exe        /hpc/data/cfd-students/nnoventa/sparta/install_cpu/bin/spa_kokkos_mpi_only
hosts      pn6373.cm.cluster 

Created 411198535 particles
Step CPU T/CPU S/CPU Dt Np Natt Ncoll Nbound Nexit c_temp 
       0            0            0            0        3e-09 411198535        0        0        0        0    300.00109 
     100    31.609378 9.4908528e-09    3.1636175        3e-09 411940603  1316351   711582        0        0    299.37005 
     200    63.736018 9.3380444e-09    3.1126815        3e-09 413071189  1369580   717021        0        0    299.31589 
     300    95.995505 9.2995903e-09    3.0998634        3e-09 414110206  1403109   720325        0        0    299.27204 
     400    128.27609 9.2935128e-09    3.0978376        3e-09 414973911  1429469   725588        0        0    299.09407 
     500    160.36821 9.3480891e-09    3.1160297        3e-09 415678266  1450707   728181        0        0    298.87839 
     600    192.47537 9.343708e-09    3.1145693        3e-09 416167837  1469768   734300        0        0    298.64307 
     700    224.70585 9.3079617e-09    3.1026539        3e-09 416385585  1485426   738226        0        0    298.34807 
     800    256.83007 9.3387479e-09     3.112916        3e-09 416289442  1497850   739604        0        0    297.97986 
     900    288.70768 9.4109934e-09    3.1369978        3e-09 415872305  1506403   739295        0        0    297.58043 
    1000    320.46354 9.4470745e-09    3.1490248        3e-09 415183445  1511294   739719        0        0     297.1832 
    1100    352.08009 9.4887015e-09    3.1629005        3e-09 414297236  1512769   737963        0        0    296.82119 
    1200    383.62893 9.5090652e-09    3.1696884        3e-09 413287847  1513421   735925        0        0    296.52136 
    1300    415.04346 9.5497231e-09     3.183241        3e-09 412223697  1512321   731465        0        0    296.30259 
    1400     446.4726 9.5452818e-09    3.1817606        3e-09 411145343  1510164   729775        0        0    296.15091 
    1500      477.958 9.5282254e-09    3.1760751        3e-09 410113500  1507652   727175        0        0    296.07718 
    1600    509.32002 9.565711e-09    3.1885703        3e-09 409152994  1505808   723872        0        0    296.07748 
    1700    545.00542 8.4067979e-09     2.802266        3e-09 408284668  1503227   722340        0        0    296.14185 
    1800    576.29961 9.5864447e-09    3.1954816        3e-09 407522743  1501655   719607        0        0    296.24561 
    1900    607.57508 9.5921827e-09    3.1973943        3e-09 406864912  1500296   718029        0        0    296.38852 
    2000    638.75357 9.6220177e-09    3.2073392        3e-09 406302146  1499593   715102        0        0    296.54603 
Loop time of 638.754 on 192 procs for 2000 steps with 406302146 particles
Step CPU T/CPU S/CPU Dt Np Natt Ncoll Nbound Nexit c_temp 
    2000            0            0            0        3e-09 406302146  1499593   715102        0        0    296.54603 
    2100    30.891325 9.7114623e-09     3.237154        3e-09 405834521  1327707   715477        0        0    296.75545 
    2200    61.872082 9.6834305e-09    3.2278102        3e-09 405446571  1369300   714544        0        0    296.93637 
    2300    92.931602 9.6588743e-09    3.2196248        3e-09 405134387  1392318   714084        0        0    297.11899 
    2400    124.01567 9.6512476e-09    3.2170826        3e-09 404882548  1407292   711955        0        0    297.32684 
    2500    155.02142 9.6756221e-09    3.2252074        3e-09 404678434  1419451   712922        0        0    297.47872 
    2600    186.01101 9.6806719e-09    3.2268906        3e-09 404507580  1428570   711409        0        0     297.6407 
    2700    217.08958 9.6529522e-09    3.2176507        3e-09 404375268  1436362   712324        0        0    297.78974 
    2800    248.17914 9.6495412e-09    3.2165137        3e-09 404251336  1443647   714000        0        0    297.93218 
    2900    279.32639 9.6316707e-09    3.2105569        3e-09 404138665  1449031   712753        0        0    298.06575 
    3000    310.41279 9.6505228e-09     3.216841        3e-09 404034385  1454790   712880        0        0    298.17985 
Loop time of 310.413 on 192 procs for 1000 steps with 404034385 particles
MPI task timing breakdown:
Section |  min time  |  avg time  |  max time  |%varavg| %total
---------------------------------------------------------------
Move    | 117.45     | 195.03     | 392.06     | 385.5 | 30.53
Coll    | 12.183     | 17.765     | 40.65      | 173.9 |  2.78
Sort    | 62.644     | 78.136     | 133.42     | 259.6 | 12.23
Comm    | 5.7433     | 6.3807     | 7.1546     |  13.5 |  1.00
Modify  | 62.487     | 130.46     | 149.84     | 252.6 | 20.42
Output  | 0.50746    | 1.7014     | 2.0954     |  42.0 |  0.27
MPI Sync| 10.134     | 209.27     | 287.27     | 374.9 | 32.76
Other   |            | 0.0009032  |            |       |  0.00

MPI task timing breakdown:
Section |  min time  |  avg time  |  max time  |%varavg| %total
---------------------------------------------------------------
Move    | 58.476     | 96.687     | 192.33     | 260.5 | 31.15
Coll    | 5.5238     | 8.9409     | 21.468     | 133.2 |  2.88
Sort    | 29.913     | 38.937     | 66.471     | 182.4 | 12.54
Comm    | 2.442      | 2.7644     | 3.1635     |   9.1 |  0.89
Modify  | 27.28      | 65.447     | 77.292     | 177.5 | 21.08
Output  | 0.14739    | 0.7986     | 1.0279     |  29.8 |  0.26
MPI Sync| 1.2545     | 96.838     | 135.23     | 261.8 | 31.20
Other   |            | 0.0002741  |            |       |  0.00

Particle moves    = 825136359595 (825B)
Particles: 2.11616e+06 ave 4.85905e+06 max 1.43241e+06 min
Cells:      4500 ave 4500 max 4500 min
Particle moves    = 404837085992 (405B)
Particles: 2.10435e+06 ave 4.86395e+06 max 1.38006e+06 min
Cells:      4500 ave 4500 max 4500 min
