job        1215411.pbs60
date       2026-09-23T14:06:04+02:00
study      saturation
scale      2 (work per node x 2)
arch       cpu
nodes      1
ranks      192 (192 per node)
fnum       9.169500e+07 (= 1.8339e+08 / 2)
npart      51400000 (51400000 per node)
warmup     2000 steps (not measured)
nsteps     1000 (measured)
gpu_aware  1
balance    deck (rcb cell)
input      /hpc/data/cfd-students/nnoventa/sparta/nicola/input/in.sparta.gpu (patched copy: /hpc/data/cfd-students/nnoventa/sparta/nicola/results/saturation/cpu_n1_x2_1215411/in.deck)
commit     3b4f3081800502f8e08d74dff460b8f1de940327
build      arch    cpu-zen4 commit  a93d3916c57c611b1ff0aea6dd1908d4951cbee7 date    2026-09-22T10:00:43+02:00 
exe        /hpc/data/cfd-students/nnoventa/sparta/install_cpu/bin/spa_kokkos_mpi_only
hosts      pn6367.cm.cluster 

Created 51399807 particles
Step CPU T/CPU S/CPU Dt Np Natt Ncoll Nbound Nexit c_temp 
       0            0            0            0        3e-09 51399807        0        0        0        0     299.9433 
     100    3.5459492 8.4603522e-08    28.201164        3e-09 51498825   145045    88805        0        0    299.53732 
     200    7.1781871 8.2593707e-08    27.531235        3e-09 51643852   152678    89176        0        0    299.58293 
     300    10.888519 8.0855289e-08    26.951764        3e-09 51777091   158384    90131        0        0    299.56084 
     400    14.606041 8.0698911e-08    26.899637        3e-09 51890170   161617    90412        0        0    299.40094 
     500    18.286464 8.1512378e-08    27.170791        3e-09 51983527   165549    91930        0        0    299.19661 
     600    21.966762 8.1515131e-08    27.171712        3e-09 52048246   167526    91530        0        0    298.95391 
     700    25.670077 8.1008509e-08    27.002836        3e-09 52080772   169755    91973        0        0    298.65437 
     800    29.536669 7.758769e-08    25.862563        3e-09 52077319   171769    92501        0        0    298.30293 
     900    33.167736 8.2620378e-08    27.540127        3e-09 52030744   173213    92678        0        0    297.87478 
    1000    36.764364 8.3411429e-08    27.803807        3e-09 51951882   173399    92387        0        0    297.43317 
    1100    40.342505 8.3842447e-08    27.947483        3e-09 51846631   174402    92597        0        0    297.08635 
    1200    43.906154 8.4183363e-08    28.061121        3e-09 51723978   175068    92366        0        0    296.79079 
    1300    47.450396 8.4644314e-08     28.21477        3e-09 51592662   175016    91961        0        0     296.5427 
    1400    50.988468 8.4791969e-08    28.263992        3e-09 51462755   174762    91290        0        0    296.41664 
    1500    54.511255 8.5159827e-08    28.386609        3e-09 51335584   174367    91112        0        0    296.31434 
    1600    58.166681 8.2069799e-08      27.3566        3e-09 51216698   174577    90697        0        0    296.27414 
    1700     61.67399 8.5535657e-08    28.511884        3e-09 51109251   174149    90348        0        0    296.32231 
    1800     65.16786 8.5864675e-08    28.621559        3e-09 51013487   174342    90309        0        0    296.44172 
    1900    68.662328 8.5849986e-08    28.616661        3e-09 50931444   173922    89684        0        0    296.59831 
    2000    72.162523 8.5709493e-08    28.569834        3e-09 50864887   174363    89854        0        0     296.7617 
Loop time of 72.1627 on 192 procs for 2000 steps with 50864887 particles
Step CPU T/CPU S/CPU Dt Np Natt Ncoll Nbound Nexit c_temp 
    2000            0            0            0        3e-09 50864887   174363    89854        0        0     296.7617 
    2100    3.4550274 8.6829934e-08      28.9433        3e-09 50810430   147475    89781        0        0    297.04237 
    2200    6.9200846 8.6578658e-08    28.859553        3e-09 50766099   153988    89325        0        0    297.24366 
    2300    10.384819 8.658671e-08    28.862238        3e-09 50731766   158116    89250        0        0     297.4098 
    2400    13.872843 8.6008586e-08    28.669529        3e-09 50705677   160187    89374        0        0    297.58209 
    2500    17.463833 8.3542409e-08    27.847467        3e-09 50683860   161855    89052        0        0    297.71465 
    2600    20.927193 8.6621094e-08    28.873699        3e-09 50664943   163430    89409        0        0     297.8834 
    2700    24.400525 8.6372382e-08    28.790794        3e-09 50647588   164899    89305        0        0    297.99878 
    2800     27.86273 8.6650011e-08    28.883339        3e-09 50634401   166152    89667        0        0    298.11471 
    2900    31.324712 8.6655541e-08    28.885178        3e-09 50620200   167347    89922        0        0    298.26146 
    3000    34.787526 8.663475e-08    28.878252        3e-09 50607881   167732    89750        0        0    298.38864 
Loop time of 34.7877 on 192 procs for 1000 steps with 50607881 particles
MPI task timing breakdown:
Section |  min time  |  avg time  |  max time  |%varavg| %total
---------------------------------------------------------------
Move    | 10.611     | 18.807     | 47.649     | 173.0 | 26.06
Coll    | 1.2731     | 1.8274     | 3.882      |  43.9 |  2.53
Sort    | 4.6951     | 6.9888     | 12.513     |  85.2 |  9.68
Comm    | 0.70552    | 0.78752    | 0.92746    |   5.1 |  1.09
Modify  | 6.9713     | 13.394     | 16.142     |  73.7 | 18.56
Output  | 0.051838   | 0.163      | 0.20714    |  12.1 |  0.23
MPI Sync| 0.79831    | 30.194     | 38.457     | 138.4 | 41.84
Other   |            | 0.0008044  |            |       |  0.00

MPI task timing breakdown:
Section |  min time  |  avg time  |  max time  |%varavg| %total
---------------------------------------------------------------
Move    | 5.2825     | 9.3351     | 23.109     | 117.6 | 26.83
Coll    | 0.61796    | 0.87963    | 2.0566     |  31.8 |  2.53
Sort    | 2.2777     | 3.4246     | 5.953      |  58.0 |  9.84
Comm    | 0.31726    | 0.36103    | 0.41656    |   3.5 |  1.04
Modify  | 3.124      | 6.7869     | 8.1552     |  49.9 | 19.51
Output  | 0.016946   | 0.075417   | 0.097335   |   8.5 |  0.22
MPI Sync| 0.18999    | 13.925     | 18.01      |  97.5 | 40.03
Other   |            | 0.0002075  |            |       |  0.00

Particle moves    = 103235319548 (103B)
Particles: 264921 ave 608528 max 178596 min
Cells:      4500 ave 4500 max 4500 min
Particle moves    = 50699545201 (50.7B)
Particles: 263583 ave 609438 max 172763 min
Cells:      4500 ave 4500 max 4500 min
