job        1215351.pbs60
date       2026-09-23T14:06:12+02:00
study      weak scaling
arch       cpu
nodes      4
ranks      768 (192 per node)
fnum       4.584750e+07 (= 1.8339e+08 / 4)
npart      102800000 (25700000 per node)
warmup     2000 steps (not measured)
nsteps     1000 (measured)
gpu_aware  1
balance    deck (rcb cell)
input      /hpc/data/cfd-students/nnoventa/sparta/nicola/input/in.sparta.gpu (patched copy: /hpc/data/cfd-students/nnoventa/sparta/nicola/results/weak/cpu_n4_1215351/in.deck)
commit     3b4f3081800502f8e08d74dff460b8f1de940327
build      arch    cpu-zen4 commit  a93d3916c57c611b1ff0aea6dd1908d4951cbee7 date    2026-09-22T10:00:43+02:00 
exe        /hpc/data/cfd-students/nnoventa/sparta/install_cpu/bin/spa_kokkos_mpi_only
hosts      pn6344.cm.cluster pn6346.cm.cluster pn6353.cm.cluster pn6382.cm.cluster 

Created 102799606 particles
Step CPU T/CPU S/CPU Dt Np Natt Ncoll Nbound Nexit c_temp 
       0            0            0            0        3e-09 102799606        0        0        0        0    299.97656 
     100    2.2258779 1.3477812e-07    44.926014        3e-09 102988984   303634   177603        0        0    299.48359 
     200    4.5363467 1.2984363e-07    43.281205        3e-09 103276591   319119   178882        0        0    299.47504 
     300    7.0687804 1.1846314e-07    39.487711        3e-09 103533366   328845   179796        0        0    299.43838 
     400    9.5010037 1.2334404e-07    41.114688        3e-09 103750107   335805   181523        0        0     299.2199 
     500    12.350374 1.0528631e-07    35.095436        3e-09 103929550   341343   181900        0        0    299.02876 
     600    14.970864 1.1448245e-07     38.16082        3e-09 104054639   346740   183532        0        0    298.76227 
     700    17.753188 1.0782349e-07    35.941162        3e-09 104115218   351209   184854        0        0    298.48352 
     800    20.624691 1.044749e-07    34.824966        3e-09 104097188   354374   185225        0        0     298.1204 
     900    23.387981 1.085663e-07    36.188767        3e-09 104001764   357009   185612        0        0    297.71041 
    1000    26.181395 1.0739548e-07    35.798492        3e-09 103837433   358450   184924        0        0    297.28603 
    1100    29.143433 1.0128158e-07    33.760528        3e-09 103623420   359065   185057        0        0    296.93582 
    1200    31.958107 1.0658434e-07    35.528114        3e-09 103375998   359655   184312        0        0    296.63806 
    1300    34.781045 1.0627224e-07     35.42408        3e-09 103110106   359735   183491        0        0    296.42892 
    1400    37.873622 9.7006444e-08    32.335482        3e-09 102848968   359198   182579        0        0    296.29364 
    1500    40.862298 1.0037885e-07    33.459618        3e-09 102596065   358590   181882        0        0    296.21695 
    1600    43.691227 1.0604726e-07    35.349087        3e-09 102361177   358425   181062        0        0    296.22615 
    1700    46.528613 1.0573112e-07    35.243707        3e-09 102146022   358127   180638        0        0    296.26074 
    1800    49.489452 1.0132262e-07    33.774205        3e-09 101958661   357908   180108        0        0    296.35521 
    1900    52.283915 1.0735519e-07    35.785069        3e-09 101801910   357968   179960        0        0    296.46221 
    2000    55.073157 1.0755607e-07    35.852017        3e-09 101663631   357019   179035        0        0    296.64341 
Loop time of 55.0733 on 768 procs for 2000 steps with 101663631 particles
Step CPU T/CPU S/CPU Dt Np Natt Ncoll Nbound Nexit c_temp 
    2000            0            0            0        3e-09 101663631   357019   179035        0        0    296.64341 
    2100    2.7916145 1.0746452e-07    35.821485        3e-09 101545492   307967   178751        0        0     296.8665 
    2200    5.8334472 9.8624751e-08    32.874918        3e-09 101448828   320431   178553        0        0    297.06645 
    2300    8.6008502 1.0840489e-07    36.134965        3e-09 101371460   327413   178981        0        0    297.25054 
    2400    11.513642 1.0299398e-07    34.331328        3e-09 101310027   332341   178520        0        0    297.40966 
    2500    14.274896 1.0864628e-07     36.21543        3e-09 101264926   335057   178145        0        0    297.56613 
    2600    17.215549 1.0201809e-07    34.006032        3e-09 101225521   337822   177891        0        0    297.69089 
    2700    19.989975 1.0813062e-07    36.043536        3e-09 101196867   339902   178558        0        0    297.85566 
    2800    22.906084 1.0287676e-07    34.292249        3e-09 101176040   342543   178652        0        0    298.03587 
    2900    25.694653 1.0758214e-07    35.860716        3e-09 101157219   344466   178841        0        0    298.13905 
    3000    28.472339 1.0800355e-07    36.001184        3e-09 101132860   346247   179110        0        0    298.28921 
Loop time of 28.4725 on 768 procs for 1000 steps with 101132860 particles
MPI task timing breakdown:
Section |  min time  |  avg time  |  max time  |%varavg| %total
---------------------------------------------------------------
Move    | 0.025533   | 6.2346     | 34.006     | 222.6 | 11.32
Coll    | 0.020647   | 0.60713    | 2.9444     |  73.8 |  1.10
Sort    | 0.0015091  | 1.8703     | 6.2353     | 125.4 |  3.40
Comm    | 1.3945     | 1.5675     | 2.0174     |  10.9 |  2.85
Modify  | 8.6964     | 15.215     | 17.628     |  56.6 | 27.63
Output  | 0.039373   | 0.11763    | 0.14392    |   7.4 |  0.21
MPI Sync| 1.7645     | 29.46      | 35.832     | 103.7 | 53.49
Other   |            | 0.000839   |            |       |  0.00

MPI task timing breakdown:
Section |  min time  |  avg time  |  max time  |%varavg| %total
---------------------------------------------------------------
Move    | 0.012053   | 3.0689     | 18.074     | 157.5 | 10.78
Coll    | 0.011039   | 0.29259    | 1.6089     |  54.2 |  1.03
Sort    | 0.00076097 | 0.90008    | 3.2949     |  83.3 |  3.16
Comm    | 0.60319    | 0.68908    | 0.9221     |   7.9 |  2.42
Modify  | 4.1174     | 7.7877     | 8.9746     |  37.4 | 27.35
Output  | 0.015003   | 0.059042   | 0.071728   |   5.0 |  0.21
MPI Sync| 0.70005    | 15.675     | 18.812     |  70.5 | 55.05
Other   |            | 0.0001448  |            |       |  0.00

Particle moves    = 206365195298 (206B)
Particles: 132375 ave 511565 max 0 min
Cells:      1125 ave 1125 max 1125 min
Particle moves    = 101308418427 (101B)
Particles: 131683 ave 512152 max 0 min
Cells:      1125 ave 1125 max 1125 min
