job        1215410.pbs60
date       2026-09-23T14:06:04+02:00
study      saturation
scale      1 (work per node x 1)
arch       cpu
nodes      1
ranks      192 (192 per node)
fnum       1.833900e+08 (= 1.8339e+08 / 1)
npart      25700000 (25700000 per node)
warmup     2000 steps (not measured)
nsteps     1000 (measured)
gpu_aware  1
balance    deck (rcb cell)
input      /hpc/data/cfd-students/nnoventa/sparta/nicola/input/in.sparta.gpu (patched copy: /hpc/data/cfd-students/nnoventa/sparta/nicola/results/saturation/cpu_n1_1215410/in.deck)
commit     3b4f3081800502f8e08d74dff460b8f1de940327
build      arch    cpu-zen4 commit  a93d3916c57c611b1ff0aea6dd1908d4951cbee7 date    2026-09-22T10:00:43+02:00 
exe        /hpc/data/cfd-students/nnoventa/sparta/install_cpu/bin/spa_kokkos_mpi_only
hosts      pn6372.cm.cluster 

Created 25699875 particles
Step CPU T/CPU S/CPU Dt Np Natt Ncoll Nbound Nexit c_temp 
       0            0            0            0        3e-09 25699875        0        0        0        0    300.03088 
     100    1.6318321 1.8384218e-07    61.280672        3e-09 25752797    68354    44165        0        0    299.72748 
     200    3.6247263 1.5053484e-07    50.178282        3e-09 25829516    73094    44888        0        0     299.8038 
     300    5.3754124 1.7136139e-07    57.120465        3e-09 25898342    75991    45167        0        0    299.77056 
     400    7.1125467 1.7269819e-07    57.566063        3e-09 25958568    77897    45563        0        0    299.69622 
     500    8.8429594 1.7336903e-07    57.789679        3e-09 26004500    79228    45452        0        0    299.46456 
     600    10.539854 1.7679352e-07    58.931176        3e-09 26039033    80846    45821        0        0    299.24317 
     700    12.228342 1.7767364e-07    59.224549        3e-09 26055989    82135    46223        0        0    298.94105 
     800     13.91774 1.7757797e-07     59.19265        3e-09 26052974    83013    46342        0        0     298.5391 
     900    15.606688 1.7762562e-07    59.208546        3e-09 26033282    83832    46679        0        0    298.07768 
    1000    17.265618 1.808394e-07    60.279802        3e-09 25996939    84391    46531        0        0    297.72434 
    1100    18.927496 1.8051866e-07    60.172886        3e-09 25948043    84650    46681        0        0    297.36426 
    1200    20.563969 1.8332112e-07    61.107037        3e-09 25892131    84419    45735        0        0    297.06524 
    1300    22.195392 1.8388848e-07    61.296152        3e-09 25830373    85194    46067        0        0    296.80341 
    1400    23.825357 1.8405296e-07    61.350988        3e-09 25766753    84650    45635        0        0    296.58653 
    1500    25.454498 1.8414629e-07     61.38211        3e-09 25707205    84554    45588        0        0    296.50538 
    1600    27.092216 1.8318171e-07    61.060569        3e-09 25650547    84730    45584        0        0    296.48311 
    1700    28.719877 1.8431336e-07    61.437776        3e-09 25599518    84746    45289        0        0    296.51029 
    1800    30.344564 1.8465107e-07    61.550362        3e-09 25554100    84939    45544        0        0    296.61523 
    1900    31.971864 1.8435445e-07    61.451489        3e-09 25517220    84776    45088        0        0    296.71855 
    2000     33.77278 1.6658196e-07    55.527319        3e-09 25483608    84390    44930        0        0    296.86572 
Loop time of 33.7728 on 192 procs for 2000 steps with 25483608 particles
Step CPU T/CPU S/CPU Dt Np Natt Ncoll Nbound Nexit c_temp 
    2000            0            0            0        3e-09 25483608    84390    44930        0        0    296.86572 
    2100    1.6195326 1.852384e-07    61.746082        3e-09 25457448    69510    44555        0        0     297.1938 
    2200    3.2310033 1.8616533e-07    62.054864        3e-09 25434378    73582    44604        0        0    297.33849 
    2300    4.8530802 1.849481e-07    61.649613        3e-09 25417258    75741    44670        0        0    297.52547 
    2400    6.4685546 1.8570396e-07    61.901317        3e-09 25405977    77321    44975        0        0    297.72413 
    2500    8.0817001 1.8597204e-07     61.99068        3e-09 25394121    78339    44628        0        0    297.87001 
    2600    9.6978959 1.8562101e-07    61.873677        3e-09 25388240    79243    44844        0        0    298.05662 
    2700    11.312123 1.8584728e-07    61.949088        3e-09 25382726    79797    44522        0        0    298.21063 
    2800    12.927471 1.8571863e-07    61.906203        3e-09 25376925    80513    45008        0        0    298.37395 
    2900    14.546728 1.8527001e-07    61.756677        3e-09 25371652    80796    44696        0        0    298.47988 
    3000    16.184066 1.8322425e-07    61.074741        3e-09 25366096    81621    45022        0        0     298.5858 
Loop time of 16.1841 on 192 procs for 1000 steps with 25366096 particles
MPI task timing breakdown:
Section |  min time  |  avg time  |  max time  |%varavg| %total
---------------------------------------------------------------
Move    | 4.46       | 7.2668     | 23.154     | 149.5 | 21.52
Coll    | 0.45404    | 0.78457    | 1.7419     |  33.2 |  2.32
Sort    | 1.0577     | 2.1713     | 4.5595     |  62.2 |  6.43
Comm    | 0.43073    | 0.48162    | 0.54432    |   3.0 |  1.43
Modify  | 3.5503     | 6.1961     | 7.5786     |  45.1 | 18.35
Output  | 0.020307   | 0.060336   | 0.077599   |   6.4 |  0.18
MPI Sync| 0.53139    | 16.812     | 19.656     | 100.2 | 49.78
Other   |            | 0.0005934  |            |       |  0.00

MPI task timing breakdown:
Section |  min time  |  avg time  |  max time  |%varavg| %total
---------------------------------------------------------------
Move    | 2.1576     | 3.5901     | 11.489     | 101.2 | 22.18
Coll    | 0.21257    | 0.37736    | 0.94974    |  23.9 |  2.33
Sort    | 0.47268    | 1.0545     | 2.0764     |  41.9 |  6.52
Comm    | 0.1353     | 0.15908    | 0.1847     |   2.4 |  0.98
Modify  | 1.4366     | 3.0224     | 3.7417     |  31.0 | 18.68
Output  | 0.0079218  | 0.028333   | 0.037024   |   4.5 |  0.18
MPI Sync| 0.079097   | 7.9522     | 9.3897     |  69.2 | 49.14
Other   |            | 0.0001434  |            |       |  0.00

Particle moves    = 51668398831 (51.7B)
Particles: 132727 ave 305795 max 89300 min
Cells:      4500 ave 4500 max 4500 min
Particle moves    = 25405088034 (25.4B)
Particles: 132115 ave 305678 max 86242 min
Cells:      4500 ave 4500 max 4500 min
