job        1215413.pbs60
date       2026-09-23T14:06:04+02:00
study      saturation
scale      8 (work per node x 8)
arch       cpu
nodes      1
ranks      192 (192 per node)
fnum       2.292375e+07 (= 1.8339e+08 / 8)
npart      205600000 (205600000 per node)
warmup     2000 steps (not measured)
nsteps     1000 (measured)
gpu_aware  1
balance    deck (rcb cell)
input      /hpc/data/cfd-students/nnoventa/sparta/nicola/input/in.sparta.gpu (patched copy: /hpc/data/cfd-students/nnoventa/sparta/nicola/results/saturation/cpu_n1_x8_1215413/in.deck)
commit     3b4f3081800502f8e08d74dff460b8f1de940327
build      arch    cpu-zen4 commit  a93d3916c57c611b1ff0aea6dd1908d4951cbee7 date    2026-09-22T10:00:43+02:00 
exe        /hpc/data/cfd-students/nnoventa/sparta/install_cpu/bin/spa_kokkos_mpi_only
hosts      pn6395.cm.cluster 

Created 205599288 particles
Step CPU T/CPU S/CPU Dt Np Natt Ncoll Nbound Nexit c_temp 
       0            0            0            0        3e-09 205599288        0        0        0        0    299.98791 
     100    15.886261 1.8884237e-08    6.2947452        3e-09 205975028   634144   355574        0        0    299.41947 
     200    32.264829 1.8316621e-08    6.1055403        3e-09 206546216   662354   357600        0        0    299.40675 
     300    48.705668 1.8247244e-08    6.0824148        3e-09 207065472   680318   360722        0        0    299.34375 
     400    65.040618 1.8365527e-08    6.1218423        3e-09 207503315   693924   362196        0        0    299.15045 
     500    81.486609 1.824153e-08    6.0805099        3e-09 207850123   705327   365566        0        0    298.94732 
     600    97.705279 1.8497201e-08    6.1657336        3e-09 208098308   714957   367029        0        0    298.72332 
     700    114.09339 1.8305948e-08    6.1019828        3e-09 208210206   723133   369536        0        0    298.40012 
     800     130.3113 1.8498069e-08     6.166023        3e-09 208161020   728841   369396        0        0    298.05029 
     900    146.56022 1.8462765e-08    6.1542552        3e-09 207957432   733930   370340        0        0    297.63718 
    1000    162.63547 1.8662229e-08    6.2207429        3e-09 207615779   736785   370605        0        0    297.22128 
    1100    178.62902 1.8757569e-08    6.2525229        3e-09 207173137   738148   369055        0        0    296.83819 
    1200    194.48715 1.8917734e-08    6.3059112        3e-09 206669824   738661   367780        0        0    296.52835 
    1300    210.29405 1.8979057e-08    6.3263523        3e-09 206140774   737767   366794        0        0    296.32527 
    1400    226.04557 1.9045778e-08    6.3485926        3e-09 205620059   737319   365443        0        0    296.18704 
    1500    241.94878 1.8864115e-08    6.2880382        3e-09 205108800   736692   363403        0        0    296.11604 
    1600     257.6611 1.9093303e-08    6.3644344        3e-09 204633977   735585   361895        0        0    296.12113 
    1700    273.41472 1.9043246e-08    6.3477487        3e-09 204201098   734522   360773        0        0    296.15628 
    1800    289.16921 1.9042186e-08    6.3473954        3e-09 203819497   733624   359848        0        0    296.25905 
    1900    304.80854 1.9182407e-08    6.3941355        3e-09 203496326   732846   358122        0        0    296.41838 
    2000    320.52458 1.9088785e-08    6.3629282        3e-09 203220285   732723   358500        0        0    296.57674 
Loop time of 320.525 on 192 procs for 2000 steps with 203220285 particles
Step CPU T/CPU S/CPU Dt Np Natt Ncoll Nbound Nexit c_temp 
    2000            0            0            0        3e-09 203220285   732723   358500        0        0    296.57674 
    2100    15.449441 1.9418173e-08    6.4727239        3e-09 202986605   641150   358380        0        0    296.78228 
    2200    31.028362 1.9256789e-08    6.4189295        3e-09 202791982   663862   357171        0        0    296.96138 
    2300    46.455477 1.944628e-08    6.4820935        3e-09 202640448   675905   357024        0        0    297.15733 
    2400    61.999752 1.929971e-08    6.4332367        3e-09 202518460   684065   357615        0        0      297.326 
    2500    82.204817 1.4847762e-08     4.949254        3e-09 202424549   690435   356698        0        0     297.5141 
    2600    97.756307 1.9290756e-08    6.4302518        3e-09 202347934   695760   356379        0        0     297.6685 
    2700    113.22309 1.9396402e-08    6.4654673        3e-09 202279604   699990   356776        0        0    297.80653 
    2800    128.85274 1.9194297e-08    6.3980992        3e-09 202223093   703740   356658        0        0    297.98403 
    2900    144.33346 1.9378937e-08    6.4596456        3e-09 202170260   706959   357297        0        0    298.09772 
    3000    159.99427 1.9156097e-08    6.3853659        3e-09 202118431   709720   356558        0        0    298.20139 
Loop time of 159.994 on 192 procs for 1000 steps with 202118431 particles
MPI task timing breakdown:
Section |  min time  |  avg time  |  max time  |%varavg| %total
---------------------------------------------------------------
Move    | 57.396     | 93.989     | 196.68     | 291.7 | 29.32
Coll    | 6.1119     | 8.2626     | 17.792     |  91.2 |  2.58
Sort    | 33.464     | 42.019     | 70.969     | 184.3 | 13.11
Comm    | 3.5238     | 4.2167     | 4.7329     |  13.3 |  1.32
Modify  | 30.211     | 63.403     | 73.038     | 175.3 | 19.78
Output  | 0.2396     | 0.84124    | 1.0342     |  28.8 |  0.26
MPI Sync| 3.8206     | 107.79     | 144.67     | 274.8 | 33.63
Other   |            | 0.0009447  |            |       |  0.00

MPI task timing breakdown:
Section |  min time  |  avg time  |  max time  |%varavg| %total
---------------------------------------------------------------
Move    | 28.324     | 46.574     | 95.434     | 197.6 | 29.11
Coll    | 2.6049     | 3.9954     | 9.4246     |  70.4 |  2.50
Sort    | 15.969     | 20.823     | 34.284     | 126.7 | 13.02
Comm    | 1.6183     | 1.8665     | 2.0724     |   9.0 |  1.17
Modify  | 16.367     | 34.977     | 40.587     | 115.0 | 21.86
Output  | 0.074065   | 0.39395    | 0.49925    |  20.1 |  0.25
MPI Sync| 2.6353     | 51.364     | 69.679     | 189.7 | 32.10
Other   |            | 0.0002554  |            |       |  0.00

Particle moves    = 412628549307 (413B)
Particles: 1.05844e+06 ave 2.4276e+06 max 714910 min
Cells:      4500 ave 4500 max 4500 min
Particle moves    = 202503239233 (203B)
Particles: 1.0527e+06 ave 2.43389e+06 max 690362 min
Cells:      4500 ave 4500 max 4500 min
