job        1215412.pbs60
date       2026-09-23T14:06:04+02:00
study      saturation
scale      4 (work per node x 4)
arch       cpu
nodes      1
ranks      192 (192 per node)
fnum       4.584750e+07 (= 1.8339e+08 / 4)
npart      102800000 (102800000 per node)
warmup     2000 steps (not measured)
nsteps     1000 (measured)
gpu_aware  1
balance    deck (rcb cell)
input      /hpc/data/cfd-students/nnoventa/sparta/nicola/input/in.sparta.gpu (patched copy: /hpc/data/cfd-students/nnoventa/sparta/nicola/results/saturation/cpu_n1_x4_1215412/in.deck)
commit     3b4f3081800502f8e08d74dff460b8f1de940327
build      arch    cpu-zen4 commit  a93d3916c57c611b1ff0aea6dd1908d4951cbee7 date    2026-09-22T10:00:43+02:00 
exe        /hpc/data/cfd-students/nnoventa/sparta/install_cpu/bin/spa_kokkos_mpi_only
hosts      pn6363.cm.cluster 

Created 102799628 particles
Step CPU T/CPU S/CPU Dt Np Natt Ncoll Nbound Nexit c_temp 
       0            0            0            0        3e-09 102799628        0        0        0        0    299.99111 
     100    7.6369583 3.9282643e-08    13.094212        3e-09 102993613   303617   177153        0        0    299.48714 
     200     15.43219 3.848505e-08     12.82835        3e-09 103278672   319144   178571        0        0    299.50481 
     300    23.225499 3.8494562e-08    12.831521        3e-09 103545359   328659   180002        0        0    299.45896 
     400     31.16806 3.7771186e-08    12.590395        3e-09 103770129   335936   181113        0        0    299.28694 
     500    38.918096 3.8709506e-08    12.903168        3e-09 103949471   341779   182268        0        0    299.04595 
     600    46.727172 3.8416834e-08    12.805612        3e-09 104073077   347225   183965        0        0    298.76006 
     700    54.447863 3.8856627e-08    12.952209        3e-09 104131026   351040   184641        0        0    298.47816 
     800    62.210199 3.8648151e-08    12.882717        3e-09 104106417   354190   184697        0        0    298.09018 
     900    69.872796 3.9151217e-08    13.050406        3e-09 104005000   356839   184885        0        0    297.72735 
    1000    77.536501 3.9145562e-08     13.04852        3e-09 103835797   358383   185387        0        0     297.2977 
    1100    85.113306 3.9594535e-08    13.198178        3e-09 103618584   359336   184709        0        0    296.94292 
    1200     92.75553 3.9255589e-08    13.085196        3e-09 103370136   359677   184118        0        0    296.67871 
    1300    100.25078 4.0025318e-08    13.341773        3e-09 103100664   359234   183160        0        0    296.40667 
    1400    107.74376 4.0037512e-08    13.345837        3e-09 102835687   359103   182678        0        0    296.28004 
    1500    115.29615 3.9722529e-08    13.240843        3e-09 102580870   359009   181689        0        0    296.20261 
    1600    122.98869 3.8998818e-08    12.999606        3e-09 102342692   358560   181505        0        0    296.19211 
    1700    130.45512 4.0179852e-08    13.393284        3e-09 102130098   357960   181121        0        0    296.24743 
    1800    137.87299 4.0442831e-08    13.480944        3e-09 101944421   357409   179724        0        0    296.33538 
    1900    145.31061 4.0335527e-08    13.445176        3e-09 101778806   357530   179845        0        0    296.45189 
    2000    152.84665 3.9808668e-08    13.269556        3e-09 101638219   357465   179051        0        0    296.62384 
Loop time of 152.847 on 192 procs for 2000 steps with 101638219 particles
Step CPU T/CPU S/CPU Dt Np Natt Ncoll Nbound Nexit c_temp 
    2000            0            0            0        3e-09 101638219   357465   179051        0        0    296.62384 
    2100     7.327517 4.094155e-08    13.647182        3e-09 101523447   307655   178411        0        0    296.87209 
    2200    14.659215 4.0918207e-08    13.639402        3e-09 101431995   320431   178469        0        0    297.02695 
    2300    21.987758 4.0935821e-08    13.645274        3e-09 101359535   327040   178654        0        0     297.1943 
    2400    29.446044 4.0223718e-08    13.407906        3e-09 101299918   331730   178232        0        0    297.38008 
    2500    36.779744 4.0907046e-08    13.635682        3e-09 101248570   335444   178960        0        0    297.56555 
    2600    44.126108 4.0836529e-08    13.612176        3e-09 101211828   337871   177846        0        0    297.73164 
    2700    51.472119 4.0838488e-08    13.612829        3e-09 101182542   340022   179056        0        0    297.86974 
    2800    59.022588 3.973263e-08     13.24421        3e-09 101160164   342287   178525        0        0    298.02405 
    2900    66.380058 4.0774892e-08    13.591631        3e-09 101138794   344338   178847        0        0    298.16341 
    3000    73.726538 4.0835892e-08    13.611964        3e-09 101120946   345642   178973        0        0    298.29257 
Loop time of 73.7267 on 192 procs for 1000 steps with 101120946 particles
MPI task timing breakdown:
Section |  min time  |  avg time  |  max time  |%varavg| %total
---------------------------------------------------------------
Move    | 25.205     | 43.786     | 96.596     | 213.5 | 28.65
Coll    | 2.9324     | 3.8082     | 8.589      |  67.2 |  2.49
Sort    | 13.228     | 17.504     | 30.35      | 125.3 | 11.45
Comm    | 1.5871     | 1.8246     | 2.0726     |   9.3 |  1.19
Modify  | 14.716     | 29.89      | 34.826     | 114.4 | 19.56
Output  | 0.12454    | 0.38976    | 0.48257    |  19.1 |  0.26
MPI Sync| 2.0911     | 55.643     | 74.382     | 191.5 | 36.40
Other   |            | 0.0008844  |            |       |  0.00

MPI task timing breakdown:
Section |  min time  |  avg time  |  max time  |%varavg| %total
---------------------------------------------------------------
Move    | 12.371     | 21.685     | 46.698     | 144.8 | 29.41
Coll    | 1.3191     | 1.8439     | 4.595      |  50.4 |  2.50
Sort    | 6.2189     | 8.6086     | 14.571     |  85.7 | 11.68
Comm    | 0.70329    | 0.81646    | 0.92055    |   6.3 |  1.11
Modify  | 6.5328     | 15.125     | 17.911     |  78.1 | 20.51
Output  | 0.034303   | 0.17906    | 0.22877    |  13.5 |  0.24
MPI Sync| 0.55023    | 25.469     | 34.857     | 134.9 | 34.55
Other   |            | 0.0002384  |            |       |  0.00

Particle moves    = 206362333859 (206B)
Particles: 529366 ave 1.21512e+06 max 358440 min
Cells:      4500 ave 4500 max 4500 min
Particle moves    = 101292249219 (101B)
Particles: 526672 ave 1.2164e+06 max 344249 min
Cells:      4500 ave 4500 max 4500 min
